     Index              y_true              y_pred        descriptor_1        descriptor_2
         1   -0.8985891273E+01   -0.7934508312E+01    0.7736345414E+01    0.1577500000E+02
         2   -0.7809284746E+01   -0.7319576818E+01    0.5802259061E+01    0.1595000000E+02
         3   -0.7302604832E+01   -0.6770724950E+01    0.4641807249E+01    0.1442500000E+02
         4   -0.9700727949E+01   -0.8543575004E+01    0.1160451812E+02    0.9800000000E+01
         5   -0.8429105394E+01   -0.7253011933E+01    0.7736345414E+01    0.9600000000E+01
         6   -0.7513851567E+01   -0.6552548504E+01    0.5802259061E+01    0.9000000000E+01
         7   -0.7072573084E+01   -0.6039564867E+01    0.4641807249E+01    0.7800000000E+01
         8   -0.8486802696E+01   -0.8899804781E+01    0.1160451812E+02    0.1302777778E+02
         9   -0.7325354407E+01   -0.7547519740E+01    0.7736345414E+01    0.1226851852E+02
        10   -0.6756079115E+01   -0.6865245898E+01    0.5802259061E+01    0.1183333333E+02
        11   -0.6331933408E+01   -0.6409079173E+01    0.4641807249E+01    0.1114814815E+02
        12   -0.9707014929E+01   -0.8604599686E+01    0.1160451812E+02    0.1035294118E+02
        13   -0.8477089695E+01   -0.7186793661E+01    0.7736345414E+01    0.9000000000E+01
        14   -0.7349046134E+01   -0.6520088567E+01    0.5802259061E+01    0.8705882353E+01
        15   -0.6699618894E+01   -0.6100589548E+01    0.4641807249E+01    0.8352941176E+01
        16   -0.1058465083E+02   -0.1006705510E+02    0.1160451812E+02    0.2360416667E+02
        17   -0.8737992617E+01   -0.8637617599E+01    0.7736345414E+01    0.2214583333E+02
        18   -0.7857762062E+01   -0.7881512429E+01    0.5802259061E+01    0.2104166667E+02
        19   -0.7314008898E+01   -0.7431987969E+01    0.4641807249E+01    0.2041666667E+02
        20   -0.7882446078E+01   -0.8856732247E+01    0.1160451812E+02    0.1263750000E+02
        21   -0.6997385282E+01   -0.7484775884E+01    0.7736345414E+01    0.1170000000E+02
        22   -0.6447065451E+01   -0.6849151179E+01    0.5802259061E+01    0.1168750000E+02
        23   -0.6099512226E+01   -0.6394108530E+01    0.4641807249E+01    0.1101250000E+02
        24   -0.9300845116E+01   -0.7904158271E+01    0.7736345414E+01    0.1550000000E+02
        25   -0.8402229237E+01   -0.7137476571E+01    0.5802259061E+01    0.1430000000E+02
        26   -0.7647259536E+01   -0.6834184127E+01    0.4641807249E+01    0.1500000000E+02
        27   -0.8937083342E+01   -0.8477356732E+01    0.1160451812E+02    0.9200000000E+01
        28   -0.7476134100E+01   -0.7076429875E+01    0.7736345414E+01    0.8000000000E+01
        29   -0.6439419039E+01   -0.6442184718E+01    0.5802259061E+01    0.8000000000E+01
        30   -0.6044958999E+01   -0.6094746760E+01    0.4641807249E+01    0.8300000000E+01
        31   -0.7890577984E+01   -0.8466320354E+01    0.1160451812E+02    0.9100000000E+01
        32   -0.7318463659E+01   -0.7153684525E+01    0.7736345414E+01    0.8700000000E+01
        33   -0.6821893963E+01   -0.6508402990E+01    0.5802259061E+01    0.8600000000E+01
        34   -0.6394894827E+01   -0.6050601245E+01    0.4641807249E+01    0.7900000000E+01
        35   -0.8886107735E+01   -0.9051248420E+01    0.1160451812E+02    0.1440000000E+02
        36   -0.7674632534E+01   -0.7735853497E+01    0.7736345414E+01    0.1397500000E+02
        37   -0.7016636987E+01   -0.7093331056E+01    0.5802259061E+01    0.1390000000E+02
        38   -0.6543344831E+01   -0.6591383797E+01    0.4641807249E+01    0.1280000000E+02
        39   -0.1035408707E+02   -0.1027187189E+02    0.1160451812E+02    0.2546000000E+02
        40   -0.8535681043E+01   -0.8789275836E+01    0.7736345414E+01    0.2352000000E+02
        41   -0.7794834356E+01   -0.8132957922E+01    0.5802259061E+01    0.2332000000E+02
        42   -0.7220717280E+01   -0.7706058037E+01    0.4641807249E+01    0.2290000000E+02
        43   -0.9404947488E+01   -0.9058606006E+01    0.1160451812E+02    0.1446666667E+02
        44   -0.7915852959E+01   -0.7731255006E+01    0.7736345414E+01    0.1393333333E+02
        45   -0.7339019850E+01   -0.7016076406E+01    0.5802259061E+01    0.1320000000E+02
        46   -0.6872577825E+01   -0.6580347419E+01    0.4641807249E+01    0.1270000000E+02
        47   -0.9964320946E+01   -0.9275989221E+01    0.1160451812E+02    0.1643636364E+02
        48   -0.8250322175E+01   -0.8047631193E+01    0.7736345414E+01    0.1680000000E+02
        49   -0.7579014753E+01   -0.7395326508E+01    0.5802259061E+01    0.1663636364E+02
        50   -0.7058814476E+01   -0.6836190741E+01    0.4641807249E+01    0.1501818182E+02
        51   -0.8257174368E+01   -0.8983453523E+01    0.1160451812E+02    0.1378571429E+02
        52   -0.7336286271E+01   -0.7722846337E+01    0.7736345414E+01    0.1385714286E+02
        53   -0.6807875284E+01   -0.7017653031E+01    0.5802259061E+01    0.1321428571E+02
        54   -0.6373681617E+01   -0.6556960807E+01    0.4641807249E+01    0.1248809524E+02
        55   -0.7838608532E+01   -0.8808710861E+01    0.1160451812E+02    0.1220238095E+02
        56   -0.6968753939E+01   -0.7506060328E+01    0.7736345414E+01    0.1189285714E+02
        57   -0.6538576426E+01   -0.6779845350E+01    0.5802259061E+01    0.1105952381E+02
        58   -0.6196685620E+01   -0.6386159709E+01    0.4641807249E+01    0.1094047619E+02
        59   -0.8066179676E+01   -0.9179217858E+01    0.1160451812E+02    0.1555952381E+02
        60   -0.7201876841E+01   -0.7867370343E+01    0.7736345414E+01    0.1516666667E+02
        61   -0.6681814603E+01   -0.7179257147E+01    0.5802259061E+01    0.1467857143E+02
        62   -0.6312355997E+01   -0.6790826925E+01    0.4641807249E+01    0.1460714286E+02
        63   -0.8814767363E+01   -0.9018927597E+01    0.1160451812E+02    0.1410714286E+02
        64   -0.7604099765E+01   -0.7691313826E+01    0.7736345414E+01    0.1357142857E+02
        65   -0.6948301999E+01   -0.6988748230E+01    0.5802259061E+01    0.1295238095E+02
        66   -0.6518686119E+01   -0.6585865608E+01    0.4641807249E+01    0.1275000000E+02
        67   -0.7998266669E+01   -0.9075423345E+01    0.1160451812E+02    0.1461904762E+02
        68   -0.7064817594E+01   -0.7797736049E+01    0.7736345414E+01    0.1453571429E+02
        69   -0.6609165537E+01   -0.7085973470E+01    0.5802259061E+01    0.1383333333E+02
        70   -0.6191707090E+01   -0.6637105937E+01    0.4641807249E+01    0.1321428571E+02
        71   -0.8498677176E+01   -0.9116152838E+01    0.1160451812E+02    0.1498809524E+02
        72   -0.7417949102E+01   -0.7829268559E+01    0.7736345414E+01    0.1482142857E+02
        73   -0.6817227608E+01   -0.7159549328E+01    0.5802259061E+01    0.1450000000E+02
        74   -0.6427985928E+01   -0.6723820341E+01    0.4641807249E+01    0.1400000000E+02
        75   -0.8859097756E+01   -0.8942724031E+01    0.1160451812E+02    0.1341666667E+02
        76   -0.7544220281E+01   -0.7613796405E+01    0.7736345414E+01    0.1286904762E+02
        77   -0.6838705916E+01   -0.6961157284E+01    0.5802259061E+01    0.1270238095E+02
        78   -0.6390182052E+01   -0.6497837350E+01    0.4641807249E+01    0.1195238095E+02
        79   -0.8114065145E+01   -0.9043890834E+01    0.1160451812E+02    0.1433333333E+02
        80   -0.7035634333E+01   -0.7714963210E+01    0.7736345414E+01    0.1378571429E+02
        81   -0.6552085430E+01   -0.7003200631E+01    0.5802259061E+01    0.1308333333E+02
        82   -0.6133278189E+01   -0.6574040916E+01    0.4641807249E+01    0.1264285714E+02
        83   -0.8373248704E+01   -0.8983453523E+01    0.1160451812E+02    0.1378571429E+02
        84   -0.7327403798E+01   -0.7659781317E+01    0.7736345414E+01    0.1328571429E+02
        85   -0.6780141083E+01   -0.6944077174E+01    0.5802259061E+01    0.1254761905E+02
        86   -0.6347637274E+01   -0.6510975896E+01    0.4641807249E+01    0.1207142857E+02
        87   -0.9669969206E+01   -0.9822097018E+01    0.1160451812E+02    0.2138461538E+02
        88   -0.8171686177E+01   -0.8447487679E+01    0.7736345414E+01    0.2042307692E+02
        89   -0.7504977923E+01   -0.7770794913E+01    0.5802259061E+01    0.2003846154E+02
        90   -0.7004644775E+01   -0.7326576403E+01    0.4641807249E+01    0.1946153846E+02
        91   -0.8788187942E+01   -0.8770609079E+01    0.1160451812E+02    0.1185714286E+02
        92   -0.7549831850E+01   -0.7431170616E+01    0.7736345414E+01    0.1121428571E+02
        93   -0.7051707523E+01   -0.6744371276E+01    0.5802259061E+01    0.1073809524E+02
        94   -0.6689903384E+01   -0.6342802508E+01    0.4641807249E+01    0.1054761905E+02
        95   -0.8882908159E+01   -0.8789003042E+01    0.1160451812E+02    0.1202380952E+02
        96   -0.7703309120E+01   -0.7507374182E+01    0.7736345414E+01    0.1190476190E+02
        97   -0.6963189662E+01   -0.6733860438E+01    0.5802259061E+01    0.1064285714E+02
        98   -0.6649709480E+01   -0.6337547089E+01    0.4641807249E+01    0.1050000000E+02
        99   -0.8870992275E+01   -0.8977541178E+01    0.1160451812E+02    0.1373214286E+02
       100   -0.7682920433E+01   -0.7606570205E+01    0.7736345414E+01    0.1280357143E+02
       101   -0.7056175708E+01   -0.6944734102E+01    0.5802259061E+01    0.1255357143E+02
       102   -0.6585778742E+01   -0.6493238859E+01    0.4641807249E+01    0.1191071429E+02
       103   -0.8498823453E+01   -0.8920651274E+01    0.1160451812E+02    0.1321666667E+02
       104   -0.7312889042E+01   -0.7530760795E+01    0.7736345414E+01    0.1211666667E+02
       105   -0.6728360334E+01   -0.6890997449E+01    0.5802259061E+01    0.1206666667E+02
       106   -0.6314703278E+01   -0.6400086568E+01    0.4641807249E+01    0.1106666667E+02
       107   -0.9832829668E+01   -0.8898578516E+01    0.1160451812E+02    0.1301666667E+02
       108   -0.7990853830E+01   -0.7624570013E+01    0.7736345414E+01    0.1296666667E+02
       109   -0.7156951524E+01   -0.6832136762E+01    0.5802259061E+01    0.1153333333E+02
       110   -0.6769534611E+01   -0.6457107857E+01    0.4641807249E+01    0.1158333333E+02
       111   -0.8796708040E+01   -0.9126295795E+01    0.1160451812E+02    0.1508000000E+02
       112   -0.7631360842E+01   -0.7816603001E+01    0.7736345414E+01    0.1470666667E+02
       113   -0.6898200274E+01   -0.7076408609E+01    0.5802259061E+01    0.1374666667E+02
       114   -0.6507269748E+01   -0.6673788758E+01    0.4641807249E+01    0.1354666667E+02
       115   -0.9209115123E+01   -0.9039476283E+01    0.1160451812E+02    0.1429333333E+02
       116   -0.7699190047E+01   -0.7691524043E+01    0.7736345414E+01    0.1357333333E+02
       117   -0.6976562632E+01   -0.7013133371E+01    0.5802259061E+01    0.1317333333E+02
       118   -0.6518026947E+01   -0.6556067386E+01    0.4641807249E+01    0.1248000000E+02
       119   -0.9185977570E+01   -0.9007102906E+01    0.1160451812E+02    0.1400000000E+02
       120   -0.7662536403E+01   -0.7703296180E+01    0.7736345414E+01    0.1368000000E+02
       121   -0.6968416208E+01   -0.7016076406E+01    0.5802259061E+01    0.1320000000E+02
       122   -0.6533169192E+01   -0.6597269866E+01    0.4641807249E+01    0.1285333333E+02
       123   -0.9189391343E+01   -0.9667446226E+01    0.1160451812E+02    0.1998333333E+02
       124   -0.7786104000E+01   -0.8227892043E+01    0.7736345414E+01    0.1843333333E+02
       125   -0.7249148162E+01   -0.7595486283E+01    0.5802259061E+01    0.1845000000E+02
       126   -0.6809951665E+01   -0.7161596693E+01    0.4641807249E+01    0.1796666667E+02
       127   -0.9081007405E+01   -0.8985030149E+01    0.1160451812E+02    0.1380000000E+02
       128   -0.7641392634E+01   -0.7647378528E+01    0.7736345414E+01    0.1317333333E+02
       129   -0.6939259259E+01   -0.6995475166E+01    0.5802259061E+01    0.1301333333E+02
       130   -0.6465216890E+01   -0.6533994628E+01    0.4641807249E+01    0.1228000000E+02
       131   -0.8800885899E+01   -0.9045362352E+01    0.1160451812E+02    0.1434666667E+02
       132   -0.7607668296E+01   -0.7718011351E+01    0.7736345414E+01    0.1381333333E+02
       133   -0.6924314021E+01   -0.7024905509E+01    0.5802259061E+01    0.1328000000E+02
       134   -0.6509957557E+01   -0.6639943863E+01    0.4641807249E+01    0.1324000000E+02
       135   -0.7981166889E+01   -0.9044350684E+01    0.1160451812E+02    0.1433750000E+02
       136   -0.7061834978E+01   -0.7722058024E+01    0.7736345414E+01    0.1385000000E+02
       137   -0.6461672741E+01   -0.6988485459E+01    0.5802259061E+01    0.1295000000E+02
       138   -0.6244505041E+01   -0.6664499806E+01    0.4641807249E+01    0.1346250000E+02
       139   -0.8231107142E+01   -0.9168509943E+01    0.1160451812E+02    0.1546250000E+02
       140   -0.7216520310E+01   -0.7781378559E+01    0.7736345414E+01    0.1438750000E+02
       141   -0.6663088151E+01   -0.7167826612E+01    0.5802259061E+01    0.1457500000E+02
       142   -0.6340609399E+01   -0.6737615814E+01    0.4641807249E+01    0.1412500000E+02
       143   -0.8228729799E+01   -0.9211275910E+01    0.1160451812E+02    0.1585000000E+02
       144   -0.7247450203E+01   -0.7880705966E+01    0.7736345414E+01    0.1528750000E+02
       145   -0.6652501465E+01   -0.7141615213E+01    0.5802259061E+01    0.1433750000E+02
       146   -0.6236691911E+01   -0.6721061246E+01    0.4641807249E+01    0.1397500000E+02
       147   -0.9487380604E+01   -0.9373045986E+01    0.1160451812E+02    0.1731578947E+02
       148   -0.8221768049E+01   -0.8087129812E+01    0.7736345414E+01    0.1715789474E+02
       149   -0.7450361430E+01   -0.7404479485E+01    0.5802259061E+01    0.1671929825E+02
       150   -0.7016113171E+01   -0.6994889289E+01    0.4641807249E+01    0.1645614035E+02
       151   -0.8752368839E+01   -0.9114562382E+01    0.1160451812E+02    0.1497368421E+02
       152   -0.7713498198E+01   -0.7782177244E+01    0.7736345414E+01    0.1439473684E+02
       153   -0.7094603908E+01   -0.7115984676E+01    0.5802259061E+01    0.1410526316E+02
       154   -0.6699313268E+01   -0.6622169485E+01    0.4641807249E+01    0.1307894737E+02
       155   -0.9019953097E+01   -0.9084357556E+01    0.1160451812E+02    0.1470000000E+02
       156   -0.7624860987E+01   -0.7786896748E+01    0.7736345414E+01    0.1443750000E+02
       157   -0.6993737985E+01   -0.7083674225E+01    0.5802259061E+01    0.1381250000E+02
       158   -0.6554757487E+01   -0.6689331657E+01    0.4641807249E+01    0.1368750000E+02
       159   -0.8112079145E+01   -0.8943643729E+01    0.1160451812E+02    0.1342500000E+02
       160   -0.7182816003E+01   -0.7631007900E+01    0.7736345414E+01    0.1302500000E+02
       161   -0.6702375534E+01   -0.6936062661E+01    0.5802259061E+01    0.1247500000E+02
       162   -0.6239370676E+01   -0.6487917748E+01    0.4641807249E+01    0.1186250000E+02
       163   -0.9251828213E+01   -0.9650015756E+01    0.1160451812E+02    0.1982539683E+02
       164   -0.8040126440E+01   -0.8288679716E+01    0.7736345414E+01    0.1898412698E+02
       165   -0.7188974415E+01   -0.7538815355E+01    0.5802259061E+01    0.1793650794E+02
       166   -0.6803424363E+01   -0.7140750200E+01    0.4641807249E+01    0.1777777778E+02
       167   -0.9597719030E+01   -0.9236589509E+01    0.1160451812E+02    0.1607936508E+02
       168   -0.8104813378E+01   -0.7936566684E+01    0.7736345414E+01    0.1579365079E+02
       169   -0.7262940904E+01   -0.7283051660E+01    0.5802259061E+01    0.1561904762E+02
       170   -0.6845962963E+01   -0.6855205800E+01    0.4641807249E+01    0.1519047619E+02
       171   -0.8262879709E+01   -0.9003015358E+01    0.1160451812E+02    0.1396296296E+02
       172   -0.7383404575E+01   -0.7654817865E+01    0.7736345414E+01    0.1324074074E+02
       173   -0.6696738723E+01   -0.6926559113E+01    0.5802259061E+01    0.1238888889E+02
       174   -0.6323207465E+01   -0.6566449756E+01    0.4641807249E+01    0.1257407407E+02
       175   -0.8005881486E+01   -0.8942724031E+01    0.1160451812E+02    0.1341666667E+02
       176   -0.7201069315E+01   -0.7637445788E+01    0.7736345414E+01    0.1308333333E+02
       177   -0.6650704413E+01   -0.6934880191E+01    0.5802259061E+01    0.1246428571E+02
       178   -0.6304010513E+01   -0.6510975896E+01    0.4641807249E+01    0.1207142857E+02
       179   -0.9117447657E+01   -0.8908468725E+01    0.7736345414E+01    0.2460000000E+02
       180   -0.7906094813E+01   -0.8257669000E+01    0.5802259061E+01    0.2445000000E+02
       181   -0.7575282667E+01   -0.7689503469E+01    0.4641807249E+01    0.2275000000E+02
       182   -0.1123586207E+02   -0.8632559259E+01    0.7736345414E+01    0.2210000000E+02
       183   -0.9368553292E+01   -0.7998314103E+01    0.5802259061E+01    0.2210000000E+02
       184   -0.7839101782E+01   -0.7551548737E+01    0.4641807249E+01    0.2150000000E+02
       185   -0.1083327394E+02   -0.9868789390E+01    0.1160451812E+02    0.2180769231E+02
       186   -0.8924123623E+01   -0.8502669572E+01    0.7736345414E+01    0.2092307692E+02
       187   -0.8269525237E+01   -0.7889648221E+01    0.5802259061E+01    0.2111538462E+02
       188   -0.7467661734E+01   -0.7424205907E+01    0.4641807249E+01    0.2034615385E+02
       189   -0.1017717205E+02   -0.9702394758E+01    0.1160451812E+02    0.2030000000E+02
       190   -0.9121209243E+01   -0.8389758930E+01    0.7736345414E+01    0.1990000000E+02
       191   -0.7713197631E+01   -0.7700331880E+01    0.5802259061E+01    0.1940000000E+02
       192   -0.7244152358E+01   -0.7132166349E+01    0.4641807249E+01    0.1770000000E+02
       193   -0.1099432812E+02   -0.9228523705E+01    0.7736345414E+01    0.2750000000E+02
       194   -0.8231163859E+01   -0.8428732868E+01    0.5802259061E+01    0.2600000000E+02
       195   -0.7518007945E+01   -0.7818261220E+01    0.4641807249E+01    0.2391666667E+02
       196   -0.1099237132E+02   -0.1021558636E+02    0.1160451812E+02    0.2495000000E+02
       197   -0.8716010051E+01   -0.8825695885E+01    0.7736345414E+01    0.2385000000E+02
       198   -0.8118851058E+01   -0.8174896160E+01    0.5802259061E+01    0.2370000000E+02
       199   -0.7426730353E+01   -0.7711576226E+01    0.4641807249E+01    0.2295000000E+02
       200   -0.1130827995E+02   -0.1045102911E+02    0.1160451812E+02    0.2708333333E+02
       201   -0.9676956146E+01   -0.9256114651E+01    0.7736345414E+01    0.2775000000E+02
       202   -0.8065547352E+01   -0.8318369082E+01    0.5802259061E+01    0.2500000000E+02
       203   -0.7388649354E+01   -0.7827458202E+01    0.4641807249E+01    0.2400000000E+02
       204   -0.9862453101E+01   -0.1010424878E+02    0.1160451812E+02    0.2394117647E+02
       205   -0.9059778696E+01   -0.8809790516E+01    0.7736345414E+01    0.2370588235E+02
       206   -0.7849026953E+01   -0.8081411542E+01    0.5802259061E+01    0.2285294118E+02
       207   -0.7394169305E+01   -0.7674896498E+01    0.4641807249E+01    0.2261764706E+02
       208   -0.1027427011E+02   -0.8796265542E+01    0.7736345414E+01    0.2358333333E+02
       209   -0.8801663760E+01   -0.8042459617E+01    0.5802259061E+01    0.2250000000E+02
       210   -0.7887276854E+01   -0.7726291398E+01    0.4641807249E+01    0.2308333333E+02
       211   -0.8244148094E+01   -0.9307357324E+01    0.1160451812E+02    0.1672058824E+02
       212   -0.7328130695E+01   -0.7995046095E+01    0.7736345414E+01    0.1632352941E+02
       213   -0.6863905776E+01   -0.7373784913E+01    0.5802259061E+01    0.1644117647E+02
       214   -0.6540193235E+01   -0.6951039900E+01    0.4641807249E+01    0.1605882353E+02
       215   -0.9684244398E+01   -0.9007796132E+01    0.7736345414E+01    0.2550000000E+02
       216   -0.8023093774E+01   -0.8365667848E+01    0.5802259061E+01    0.2542857143E+02
       217   -0.7486205960E+01   -0.7835341329E+01    0.4641807249E+01    0.2407142857E+02
       218   -0.9042304539E+01   -0.8896739120E+01    0.1160451812E+02    0.1300000000E+02
       219   -0.8151459353E+01   -0.7577665404E+01    0.7736345414E+01    0.1254166667E+02
       220   -0.7147346225E+01   -0.6906632318E+01    0.5802259061E+01    0.1220833333E+02
       221   -0.6919992044E+01   -0.6493895787E+01    0.4641807249E+01    0.1191666667E+02
       222   -0.8670368847E+01   -0.8757854617E+01    0.7736345414E+01    0.2323529412E+02
       223   -0.7867160475E+01   -0.8091149523E+01    0.5802259061E+01    0.2294117647E+02
       224   -0.7311195888E+01   -0.7619714605E+01    0.4641807249E+01    0.2211764706E+02
       225   -0.8309664114E+01   -0.9269098626E+01    0.7736345414E+01    0.2786764706E+02
       226   -0.7629898202E+01   -0.8519620692E+01    0.5802259061E+01    0.2682352941E+02
       227   -0.7129705543E+01   -0.7931330001E+01    0.4641807249E+01    0.2494117647E+02
       228   -0.8975723689E+01   -0.9164533601E+01    0.1160451812E+02    0.1542647059E+02
       229   -0.7749549811E+01   -0.7894420290E+01    0.7736345414E+01    0.1541176471E+02
       230   -0.7153425793E+01   -0.7240699171E+01    0.5802259061E+01    0.1523529412E+02
       231   -0.6759493735E+01   -0.6813085168E+01    0.4641807249E+01    0.1480882353E+02
       232   -0.1055122552E+02   -0.1018864462E+02    0.1160451812E+02    0.2470588235E+02
       233   -0.1056159583E+02   -0.8972090202E+01    0.7736345414E+01    0.2517647059E+02
       234   -0.7695487023E+01   -0.8087903529E+01    0.5802259061E+01    0.2291176471E+02
       235   -0.7225412690E+01   -0.7590500662E+01    0.4641807249E+01    0.2185294118E+02
       236   -0.9171234088E+01   -0.8996066527E+01    0.1160451812E+02    0.1390000000E+02
       237   -0.7705159140E+01   -0.7615005151E+01    0.7736345414E+01    0.1288000000E+02
       238   -0.6990549343E+01   -0.6934407204E+01    0.5802259061E+01    0.1246000000E+02
       239   -0.6708244966E+01   -0.6425838118E+01    0.4641807249E+01    0.1130000000E+02
       240   -0.8916748050E+01   -0.8812862642E+01    0.1160451812E+02    0.1224000000E+02
       241   -0.7519883736E+01   -0.7482568608E+01    0.7736345414E+01    0.1168000000E+02
       242   -0.6984319527E+01   -0.6815214315E+01    0.5802259061E+01    0.1138000000E+02
       243   -0.6550700327E+01   -0.6355205295E+01    0.4641807249E+01    0.1066000000E+02
       244   -0.1023424694E+02   -0.9705153853E+01    0.1160451812E+02    0.2032500000E+02
       245   -0.8429125539E+01   -0.8293190617E+01    0.7736345414E+01    0.1902500000E+02
       246   -0.7781706129E+01   -0.7725163732E+01    0.5802259061E+01    0.1962500000E+02
       247   -0.7283250941E+01   -0.7214939189E+01    0.4641807249E+01    0.1845000000E+02
       248   -0.8625193299E+01   -0.8726324450E+01    0.1160451812E+02    0.1145588235E+02
       249   -0.7625517950E+01   -0.7388045271E+01    0.7736345414E+01    0.1082352941E+02
       250   -0.7002480550E+01   -0.6696995224E+01    0.5802259061E+01    0.1030882353E+02
       251   -0.6572007305E+01   -0.6227183303E+01    0.4641807249E+01    0.9500000000E+01
       252   -0.9555894525E+01   -0.8897432346E+01    0.7736345414E+01    0.2450000000E+02
       253   -0.8350148991E+01   -0.8097641510E+01    0.5802259061E+01    0.2300000000E+02
       254   -0.7975765814E+01   -0.7634321576E+01    0.4641807249E+01    0.2225000000E+02
       255   -0.1213949870E+02   -0.1005555887E+02    0.1160451812E+02    0.2350000000E+02
       256   -0.9270123286E+01   -0.8800864033E+01    0.7736345414E+01    0.2362500000E+02
       257   -0.7962008348E+01   -0.8049357354E+01    0.5802259061E+01    0.2256250000E+02
       258   -0.7574622619E+01   -0.7668810259E+01    0.4641807249E+01    0.2256250000E+02
       259   -0.9992839120E+01   -0.9028489342E+01    0.7736345414E+01    0.2568750000E+02
       260   -0.8359756630E+01   -0.8235596243E+01    0.5802259061E+01    0.2425000000E+02
       261   -0.7724045937E+01   -0.7751583099E+01    0.4641807249E+01    0.2331250000E+02
       262   -0.8831899827E+01   -0.8759477614E+01    0.7736345414E+01    0.2325000000E+02
       263   -0.9038451379E+01   -0.8166618876E+01    0.5802259061E+01    0.2362500000E+02
       264   -0.7991661139E+01   -0.7744685362E+01    0.4641807249E+01    0.2325000000E+02
       265   -0.9257423594E+01   -0.9110276791E+01    0.7736345414E+01    0.2642857143E+02
       266   -0.8015648503E+01   -0.8223771551E+01    0.5802259061E+01    0.2414285714E+02
       267   -0.7428046393E+01   -0.7795925691E+01    0.4641807249E+01    0.2371428571E+02
       268   -0.8990580138E+01   -0.8704295720E+01    0.7736345414E+01    0.2275000000E+02
       269   -0.8063789393E+01   -0.8097641510E+01    0.5802259061E+01    0.2300000000E+02
       270   -0.7250593254E+01   -0.7680306487E+01    0.4641807249E+01    0.2266666667E+02
       271   -0.1036555793E+02   -0.1002490227E+02    0.1160451812E+02    0.2322222222E+02
       272   -0.8581936000E+01   -0.8707361381E+01    0.7736345414E+01    0.2277777778E+02
       273   -0.7638621565E+01   -0.7956621116E+01    0.5802259061E+01    0.2172222222E+02
       274   -0.7175382860E+01   -0.7606730630E+01    0.4641807249E+01    0.2200000000E+02
       275   -0.8725712328E+01   -0.8808292365E+01    0.7736345414E+01    0.2369230769E+02
       276   -0.8086257237E+01   -0.8131599598E+01    0.5802259061E+01    0.2330769231E+02
       277   -0.7571263661E+01   -0.7742562982E+01    0.4641807249E+01    0.2323076923E+02
       278   -0.8182848932E+01   -0.8976063091E+01    0.1160451812E+02    0.1371875000E+02
       279   -0.7193335695E+01   -0.7644343524E+01    0.7736345414E+01    0.1314583333E+02
       280   -0.6694717580E+01   -0.6942270624E+01    0.5802259061E+01    0.1253125000E+02
       281   -0.6320484247E+01   -0.6593912968E+01    0.4641807249E+01    0.1282291667E+02
       282   -0.8075092118E+01   -0.8956519504E+01    0.1160451812E+02    0.1354166667E+02
       283   -0.7090289058E+01   -0.7575366158E+01    0.7736345414E+01    0.1252083333E+02
       284   -0.6596718513E+01   -0.6922727037E+01    0.5802259061E+01    0.1235416667E+02
       285   -0.6320334959E+01   -0.6562873153E+01    0.4641807249E+01    0.1254166667E+02
       286   -0.8653240890E+01   -0.9135860657E+01    0.1160451812E+02    0.1516666667E+02
       287   -0.7470283930E+01   -0.7731537991E+01    0.7736345414E+01    0.1393589744E+02
       288   -0.6803226809E+01   -0.7070409347E+01    0.5802259061E+01    0.1369230769E+02
       289   -0.6393976241E+01   -0.6667223528E+01    0.4641807249E+01    0.1348717949E+02
       290   -0.1118262222E+02   -0.9761255444E+01    0.1160451812E+02    0.2083333333E+02
       291   -0.9125246749E+01   -0.8557144006E+01    0.7736345414E+01    0.2141666667E+02
       292   -0.8188687604E+01   -0.7803338080E+01    0.5802259061E+01    0.2033333333E+02
       293   -0.7453744630E+01   -0.7441184950E+01    0.4641807249E+01    0.2050000000E+02
       294   -0.8727540836E+01   -0.8803543034E+01    0.1160451812E+02    0.1215555556E+02
       295   -0.7718223327E+01   -0.7471286977E+01    0.7736345414E+01    0.1157777778E+02
       296   -0.7046320233E+01   -0.6780633663E+01    0.5802259061E+01    0.1106666667E+02
       297   -0.6679987635E+01   -0.6417254268E+01    0.4641807249E+01    0.1122222222E+02
       298   -0.8623580345E+01   -0.8706307488E+01    0.1160451812E+02    0.1127450980E+02
       299   -0.7526436937E+01   -0.7329617385E+01    0.7736345414E+01    0.1029411765E+02
       300   -0.6909561810E+01   -0.6699700219E+01    0.5802259061E+01    0.1033333333E+02
       301   -0.6451132906E+01   -0.6217445322E+01    0.4641807249E+01    0.9411764706E+01
       302   -0.1078793084E+02   -0.1050314534E+02    0.1160451812E+02    0.2755555556E+02
       303   -0.8556232921E+01   -0.9043357797E+01    0.7736345414E+01    0.2582222222E+02
       304   -0.7804229903E+01   -0.8296296325E+01    0.5802259061E+01    0.2480000000E+02
       305   -0.7235224604E+01   -0.7854436016E+01    0.4641807249E+01    0.2424444444E+02
       306   -0.9049273947E+01   -0.9149926629E+01    0.1160451812E+02    0.1529411765E+02
       307   -0.7881315813E+01   -0.7861960353E+01    0.7736345414E+01    0.1511764706E+02
       308   -0.7291075212E+01   -0.7149811347E+01    0.5802259061E+01    0.1441176471E+02
       309   -0.6802415834E+01   -0.6693524400E+01    0.4641807249E+01    0.1372549020E+02
       310   -0.9620765762E+01   -0.9021818077E+01    0.1160451812E+02    0.1413333333E+02
       311   -0.7863704360E+01   -0.7804830864E+01    0.7736345414E+01    0.1460000000E+02
       312   -0.7142618741E+01   -0.7056543128E+01    0.5802259061E+01    0.1356666667E+02
       313   -0.6790756373E+01   -0.6626332330E+01    0.4641807249E+01    0.1311666667E+02
       314   -0.1029716738E+02   -0.9097990729E+01    0.1160451812E+02    0.1482352941E+02
       315   -0.8170444652E+01   -0.7812188450E+01    0.7736345414E+01    0.1466666667E+02
       316   -0.7387787588E+01   -0.7037283565E+01    0.5802259061E+01    0.1339215686E+02
       317   -0.7003989015E+01   -0.6680540425E+01    0.4641807249E+01    0.1360784314E+02
       318   -0.8858139622E+01   -0.9867940438E+01    0.1160451812E+02    0.2180000000E+02
       319   -0.7703020460E+01   -0.8440526272E+01    0.7736345414E+01    0.2036000000E+02
       320   -0.7066218327E+01   -0.7713575534E+01    0.5802259061E+01    0.1952000000E+02
       321   -0.6616003026E+01   -0.7206477965E+01    0.4641807249E+01    0.1837333333E+02
       322   -0.9613069726E+01   -0.8825271410E+01    0.7736345414E+01    0.2384615385E+02
       323   -0.7739591358E+01   -0.8001426927E+01    0.5802259061E+01    0.2212820513E+02
       324   -0.7286240490E+01   -0.7584091904E+01    0.4641807249E+01    0.2179487179E+02
       325   -0.8533450122E+01   -0.8815805677E+01    0.1160451812E+02    0.1226666667E+02
       326   -0.7523114538E+01   -0.7506848641E+01    0.7736345414E+01    0.1190000000E+02
       327   -0.7072862025E+01   -0.6879961070E+01    0.5802259061E+01    0.1196666667E+02
       328   -0.6608336551E+01   -0.6429516911E+01    0.4641807249E+01    0.1133333333E+02
       329   -0.9875343343E+01   -0.9186627998E+01    0.1160451812E+02    0.1562666667E+02
       330   -0.8620040756E+01   -0.7957868647E+01    0.7736345414E+01    0.1598666667E+02
       331   -0.7163875379E+01   -0.7214731221E+01    0.5802259061E+01    0.1500000000E+02
       332   -0.6693147978E+01   -0.6801810750E+01    0.4641807249E+01    0.1470666667E+02
       333   -0.8564216667E+01   -0.9077735729E+01    0.1160451812E+02    0.1464000000E+02
       334   -0.7529829460E+01   -0.7743027143E+01    0.7736345414E+01    0.1404000000E+02
       335   -0.6872645311E+01   -0.7069051023E+01    0.5802259061E+01    0.1368000000E+02
       336   -0.6449593552E+01   -0.6579611660E+01    0.4641807249E+01    0.1269333333E+02
       337   -0.1064316884E+02   -0.1009659156E+02    0.1160451812E+02    0.2387179487E+02
       338   -0.8706146691E+01   -0.8754525393E+01    0.7736345414E+01    0.2320512821E+02
       339   -0.7921845461E+01   -0.8052364059E+01    0.5802259061E+01    0.2258974359E+02
       340   -0.7271927400E+01   -0.7615220152E+01    0.4641807249E+01    0.2207692308E+02
       341   -0.7847913845E+01   -0.8914397325E+01    0.1160451812E+02    0.1316000000E+02
       342   -0.7046572847E+01   -0.7569388120E+01    0.7736345414E+01    0.1246666667E+02
       343   -0.6571506853E+01   -0.6913070206E+01    0.5802259061E+01    0.1226666667E+02
       344   -0.6265244240E+01   -0.6470719391E+01    0.4641807249E+01    0.1170666667E+02
       345   -0.8241719463E+01   -0.8942356151E+01    0.1160451812E+02    0.1341333333E+02
       346   -0.7346280086E+01   -0.7623834254E+01    0.7736345414E+01    0.1296000000E+02
       347   -0.6841247760E+01   -0.6954272686E+01    0.5802259061E+01    0.1264000000E+02
       348   -0.6421552443E+01   -0.6500149734E+01    0.4641807249E+01    0.1197333333E+02
       349   -0.1109068191E+02   -0.1044183213E+02    0.1160451812E+02    0.2700000000E+02
       350   -0.8993760716E+01   -0.9013927454E+01    0.7736345414E+01    0.2555555556E+02
       351   -0.8026228293E+01   -0.8367419653E+01    0.5802259061E+01    0.2544444444E+02
       352   -0.7457896047E+01   -0.7870377452E+01    0.4641807249E+01    0.2438888889E+02
       353   -0.8643214569E+01   -0.8891301024E+01    0.7736345414E+01    0.2444444444E+02
       354   -0.7680789746E+01   -0.8116035475E+01    0.5802259061E+01    0.2316666667E+02
       355   -0.7157987308E+01   -0.7612861952E+01    0.4641807249E+01    0.2205555556E+02
       356   -0.9855463396E+01   -0.9234322466E+01    0.1160451812E+02    0.1605882353E+02
       357   -0.8152278240E+01   -0.7933372214E+01    0.7736345414E+01    0.1576470588E+02
       358   -0.7434635931E+01   -0.7273159107E+01    0.5802259061E+01    0.1552941176E+02
       359   -0.6977397576E+01   -0.6842840110E+01    0.4641807249E+01    0.1507843137E+02
       360   -0.9843137792E+01   -0.8993307432E+01    0.1160451812E+02    0.1387500000E+02
       361   -0.8456620806E+01   -0.7705503456E+01    0.7736345414E+01    0.1370000000E+02
       362   -0.7499707448E+01   -0.6977449081E+01    0.5802259061E+01    0.1285000000E+02
       363   -0.7030328758E+01   -0.6574829229E+01    0.4641807249E+01    0.1265000000E+02
       364   -0.7791704434E+01   -0.8242439530E+01    0.1160451812E+02    0.7071428571E+01
       365   -0.6974907560E+01   -0.6855702303E+01    0.7736345414E+01    0.6000000000E+01
       366   -0.6294097184E+01   -0.6091385541E+01    0.5802259061E+01    0.4821428571E+01
       367   -0.5877892499E+01   -0.5730546265E+01    0.4641807249E+01    0.5000000000E+01
       368   -0.9042671476E+01   -0.7967617448E+01    0.7736345414E+01    0.1607500000E+02
       369   -0.7890296129E+01   -0.7303022250E+01    0.5802259061E+01    0.1580000000E+02
       370   -0.7161578810E+01   -0.6842461411E+01    0.4641807249E+01    0.1507500000E+02
       371   -0.1016339623E+02   -0.9164371301E+01    0.1160451812E+02    0.1542500000E+02
       372   -0.8087757357E+01   -0.7893121892E+01    0.7736345414E+01    0.1540000000E+02
       373   -0.7519269571E+01   -0.7101608340E+01    0.5802259061E+01    0.1397500000E+02
       374   -0.7138142628E+01   -0.6715543057E+01    0.4641807249E+01    0.1392500000E+02
       375   -0.8665593437E+01   -0.9082978009E+01    0.1160451812E+02    0.1468750000E+02
       376   -0.7544563526E+01   -0.7803451316E+01    0.7736345414E+01    0.1458750000E+02
       377   -0.6898038045E+01   -0.7091951509E+01    0.5802259061E+01    0.1388750000E+02
       378   -0.6399134063E+01   -0.6690711205E+01    0.4641807249E+01    0.1370000000E+02
       379   -0.8537505599E+01   -0.8994686980E+01    0.1160451812E+02    0.1388750000E+02
       380   -0.7469642470E+01   -0.7706883003E+01    0.7736345414E+01    0.1371250000E+02
       381   -0.6792532585E+01   -0.6998142291E+01    0.5802259061E+01    0.1303750000E+02
       382   -0.6385910965E+01   -0.6567931493E+01    0.4641807249E+01    0.1258750000E+02
       383   -0.8485582612E+01   -0.9114958424E+01    0.1160451812E+02    0.1497727273E+02
       384   -0.7363757231E+01   -0.7802573422E+01    0.7736345414E+01    0.1457954545E+02
       385   -0.6776854130E+01   -0.7095588498E+01    0.5802259061E+01    0.1392045455E+02
       386   -0.6326662971E+01   -0.6710024867E+01    0.4641807249E+01    0.1387500000E+02
       387   -0.9031430462E+01   -0.9088252749E+01    0.1160451812E+02    0.1473529412E+02
       388   -0.7631099640E+01   -0.7779187513E+01    0.7736345414E+01    0.1436764706E+02
       389   -0.7008450361E+01   -0.7080022482E+01    0.5802259061E+01    0.1377941176E+02
       390   -0.6568818368E+01   -0.6686491413E+01    0.4641807249E+01    0.1366176471E+02
       391   -0.8808404150E+01   -0.8956790004E+01    0.1160451812E+02    0.1354411765E+02
       392   -0.7677901653E+01   -0.7623379815E+01    0.7736345414E+01    0.1295588235E+02
       393   -0.6945917896E+01   -0.6882016866E+01    0.5802259061E+01    0.1198529412E+02
       394   -0.6516167010E+01   -0.6517699740E+01    0.4641807249E+01    0.1213235294E+02
       395   -0.8696223570E+01   -0.8847768642E+01    0.7736345414E+01    0.2405000000E+02
       396   -0.7516907695E+01   -0.8075568753E+01    0.5802259061E+01    0.2280000000E+02
       397   -0.7286831555E+01   -0.7661912523E+01    0.4641807249E+01    0.2250000000E+02
       398   -0.8896162679E+01   -0.8875640161E+01    0.1160451812E+02    0.1280882353E+02
       399   -0.7565959537E+01   -0.7571443916E+01    0.7736345414E+01    0.1248529412E+02
       400   -0.6928735125E+01   -0.6847933932E+01    0.5802259061E+01    0.1167647059E+02
       401   -0.6487563870E+01   -0.6382991002E+01    0.4641807249E+01    0.1091176471E+02
       402   -0.7912954003E+01   -0.9056766610E+01    0.1160451812E+02    0.1445000000E+02
       403   -0.7014914300E+01   -0.7715160287E+01    0.7736345414E+01    0.1378750000E+02
       404   -0.6532934344E+01   -0.7072637846E+01    0.5802259061E+01    0.1371250000E+02
       405   -0.6288187203E+01   -0.6627252028E+01    0.4641807249E+01    0.1312500000E+02
       406   -0.7983367704E+01   -0.9161612206E+01    0.1160451812E+02    0.1540000000E+02
       407   -0.7207681472E+01   -0.7840699094E+01    0.7736345414E+01    0.1492500000E+02
       408   -0.6668304772E+01   -0.7196797106E+01    0.5802259061E+01    0.1483750000E+02
       409   -0.6319942448E+01   -0.6798315896E+01    0.4641807249E+01    0.1467500000E+02
       410   -0.8564308908E+01   -0.9151955375E+01    0.1160451812E+02    0.1531250000E+02
       411   -0.7509292389E+01   -0.7836560452E+01    0.7736345414E+01    0.1488750000E+02
       412   -0.6881325931E+01   -0.7174724349E+01    0.5802259061E+01    0.1463750000E+02
       413   -0.6537583518E+01   -0.6761068118E+01    0.4641807249E+01    0.1433750000E+02
       414   -0.1010794675E+02   -0.1025904210E+02    0.1160451812E+02    0.2534375000E+02
       415   -0.8477868157E+01   -0.8883636873E+01    0.7736345414E+01    0.2437500000E+02
       416   -0.7673147399E+01   -0.8159721140E+01    0.5802259061E+01    0.2356250000E+02
       417   -0.7162372083E+01   -0.7727441021E+01    0.4641807249E+01    0.2309375000E+02
       418   -0.8653091955E+01   -0.9178166774E+01    0.1160451812E+02    0.1555000000E+02
       419   -0.7539884127E+01   -0.7876567325E+01    0.7736345414E+01    0.1525000000E+02
       420   -0.6943281736E+01   -0.7236803978E+01    0.5802259061E+01    0.1520000000E+02
       421   -0.6535837992E+01   -0.6740374909E+01    0.4641807249E+01    0.1415000000E+02
       422   -0.8274088986E+01   -0.9120225787E+01    0.1160451812E+02    0.1502500000E+02
       423   -0.7366133783E+01   -0.7828283168E+01    0.7736345414E+01    0.1481250000E+02
       424   -0.6816757840E+01   -0.7162308423E+01    0.5802259061E+01    0.1452500000E+02
       425   -0.6451351396E+01   -0.6777622686E+01    0.4641807249E+01    0.1448750000E+02
       426   -0.9209932455E+01   -0.8953300560E+01    0.1160451812E+02    0.1351250000E+02
       427   -0.7545797041E+01   -0.7608935143E+01    0.7736345414E+01    0.1282500000E+02
       428   -0.6855696273E+01   -0.6876742126E+01    0.5802259061E+01    0.1193750000E+02
       429   -0.6442173600E+01   -0.6486538200E+01    0.4641807249E+01    0.1185000000E+02
       430   -0.7775641159E+01   -0.8978132412E+01    0.1160451812E+02    0.1373750000E+02
       431   -0.6962478766E+01   -0.7675153415E+01    0.7736345414E+01    0.1342500000E+02
       432   -0.6488405872E+01   -0.7016076406E+01    0.5802259061E+01    0.1320000000E+02
       433   -0.6220927524E+01   -0.6605179271E+01    0.4641807249E+01    0.1292500000E+02
       434   -0.9282131799E+01   -0.9011347667E+01    0.1160451812E+02    0.1403846154E+02
       435   -0.8096890047E+01   -0.7761958777E+01    0.7736345414E+01    0.1421153846E+02
       436   -0.7259959090E+01   -0.7064042205E+01    0.5802259061E+01    0.1363461538E+02
       437   -0.7022268329E+01   -0.6711086057E+01    0.4641807249E+01    0.1388461538E+02
       438   -0.9108266752E+01   -0.9007102906E+01    0.1160451812E+02    0.1400000000E+02
       439   -0.8024199618E+01   -0.7640983089E+01    0.7736345414E+01    0.1311538462E+02
       440   -0.7259808349E+01   -0.6989758888E+01    0.5802259061E+01    0.1296153846E+02
       441   -0.6852445083E+01   -0.6549785139E+01    0.4641807249E+01    0.1242307692E+02
       442   -0.9049368438E+01   -0.8973380637E+01    0.1160451812E+02    0.1369444444E+02
       443   -0.7665348612E+01   -0.7622117484E+01    0.7736345414E+01    0.1294444444E+02
       444   -0.7154923628E+01   -0.6948018737E+01    0.5802259061E+01    0.1258333333E+02
       445   -0.6743754188E+01   -0.6423385590E+01    0.4641807249E+01    0.1127777778E+02
       446   -0.1069283731E+02   -0.1004866114E+02    0.1160451812E+02    0.2343750000E+02
       447   -0.8464325163E+01   -0.8773273087E+01    0.7736345414E+01    0.2337500000E+02
       448   -0.7940764676E+01   -0.8001073197E+01    0.5802259061E+01    0.2212500000E+02
       449   -0.7377234886E+01   -0.7730889889E+01    0.4641807249E+01    0.2312500000E+02
       450   -0.1040031166E+02   -0.1030939558E+02    0.1160451812E+02    0.2580000000E+02
       451   -0.1020243821E+02   -0.8902950536E+01    0.7736345414E+01    0.2455000000E+02
       452   -0.7943072820E+01   -0.8279741757E+01    0.5802259061E+01    0.2465000000E+02
       453   -0.7396214734E+01   -0.7728130794E+01    0.4641807249E+01    0.2310000000E+02
       454   -0.7967966325E+01   -0.9025037021E+01    0.1160451812E+02    0.1416250000E+02
       455   -0.7095106101E+01   -0.7726196666E+01    0.7736345414E+01    0.1388750000E+02
       456   -0.6552591256E+01   -0.7058842373E+01    0.5802259061E+01    0.1358750000E+02
       457   -0.6257023706E+01   -0.6649324785E+01    0.4641807249E+01    0.1332500000E+02
       458   -0.7807392454E+01   -0.8949161918E+01    0.1160451812E+02    0.1347500000E+02
       459   -0.6975024030E+01   -0.7611694238E+01    0.7736345414E+01    0.1285000000E+02
       460   -0.6509756710E+01   -0.6952617229E+01    0.5802259061E+01    0.1262500000E+02
       461   -0.6213954312E+01   -0.6508610958E+01    0.4641807249E+01    0.1205000000E+02
       462   -0.9034082999E+01   -0.9079627680E+01    0.1160451812E+02    0.1465714286E+02
       463   -0.7729206624E+01   -0.7766991851E+01    0.7736345414E+01    0.1425714286E+02
       464   -0.7071152359E+01   -0.7053915418E+01    0.5802259061E+01    0.1354285714E+02
       465   -0.6676267280E+01   -0.6607150052E+01    0.4641807249E+01    0.1294285714E+02
       466   -0.7941726271E+01   -0.8366992946E+01    0.1160451812E+02    0.8200000000E+01
       467   -0.6998259367E+01   -0.6913091472E+01    0.7736345414E+01    0.6520000000E+01
       468   -0.6450176963E+01   -0.6278846315E+01    0.5802259061E+01    0.6520000000E+01
       469   -0.6189789982E+01   -0.5907128323E+01    0.4641807249E+01    0.6600000000E+01
       470   -0.9054932768E+01   -0.9063861424E+01    0.1160451812E+02    0.1451428571E+02
       471   -0.7657732951E+01   -0.7776451604E+01    0.7736345414E+01    0.1434285714E+02
       472   -0.7158691622E+01   -0.7091754431E+01    0.5802259061E+01    0.1388571429E+02
       473   -0.6723959892E+01   -0.6607150052E+01    0.4641807249E+01    0.1294285714E+02
       474   -0.9275595950E+01   -0.8755473473E+01    0.1160451812E+02    0.1172000000E+02
       475   -0.7867626494E+01   -0.7354546616E+01    0.7736345414E+01    0.1052000000E+02
       476   -0.7224484361E+01   -0.6724716011E+01    0.5802259061E+01    0.1056000000E+02
       477   -0.6749545676E+01   -0.6313267056E+01    0.4641807249E+01    0.1028000000E+02
       478   -0.9632709552E+01   -0.1019461724E+02    0.1160451812E+02    0.2476000000E+02
       479   -0.8399431489E+01   -0.8815763144E+01    0.7736345414E+01    0.2376000000E+02
       480   -0.7725630884E+01   -0.8208005296E+01    0.5802259061E+01    0.2400000000E+02
       481   -0.7275255029E+01   -0.7774483585E+01    0.4641807249E+01    0.2352000000E+02
       482   -0.1063479777E+02   -0.1035574837E+02    0.1160451812E+02    0.2622000000E+02
       483   -0.8487798480E+01   -0.8899639622E+01    0.7736345414E+01    0.2452000000E+02
       484   -0.7720189726E+01   -0.8265394465E+01    0.5802259061E+01    0.2452000000E+02
       485   -0.7229516574E+01   -0.7831872753E+01    0.4641807249E+01    0.2404000000E+02
       486   -0.8792038015E+01   -0.8821691745E+01    0.1160451812E+02    0.1232000000E+02
       487   -0.7690440152E+01   -0.7420764888E+01    0.7736345414E+01    0.1112000000E+02
       488   -0.7038085287E+01   -0.6755617871E+01    0.5802259061E+01    0.1084000000E+02
       489   -0.6707876179E+01   -0.6308852505E+01    0.4641807249E+01    0.1024000000E+02
       490   -0.1015367091E+02   -0.1022600961E+02    0.1160451812E+02    0.2504444444E+02
       491   -0.9412589980E+01   -0.8991854697E+01    0.7736345414E+01    0.2535555556E+02
       492   -0.7655729781E+01   -0.8176122425E+01    0.5802259061E+01    0.2371111111E+02
       493   -0.7331394999E+01   -0.7721999472E+01    0.4641807249E+01    0.2304444444E+02
       494   -0.8695901882E+01   -0.8940884634E+01    0.1160451812E+02    0.1340000000E+02
       495   -0.7644187694E+01   -0.7537750501E+01    0.7736345414E+01    0.1218000000E+02
       496   -0.6987632925E+01   -0.6861567105E+01    0.5802259061E+01    0.1180000000E+02
       497   -0.6577936844E+01   -0.6481020011E+01    0.4641807249E+01    0.1180000000E+02
       498   -0.1018250329E+02   -0.9274183268E+01    0.1160451812E+02    0.1642000000E+02
       499   -0.8461698884E+01   -0.8014522057E+01    0.7736345414E+01    0.1650000000E+02
       500   -0.7508982566E+01   -0.7294193147E+01    0.5802259061E+01    0.1572000000E+02
       501   -0.7070875683E+01   -0.6860671435E+01    0.4641807249E+01    0.1524000000E+02
       502   -0.9481375117E+01   -0.9084357556E+01    0.1160451812E+02    0.1470000000E+02
       503   -0.7817074618E+01   -0.7769514452E+01    0.7736345414E+01    0.1428000000E+02
       504   -0.7120812865E+01   -0.7113196538E+01    0.5802259061E+01    0.1408000000E+02
       505   -0.6719110257E+01   -0.6668638448E+01    0.4641807249E+01    0.1350000000E+02
       506   -0.1018406426E+02   -0.1011074077E+02    0.1160451812E+02    0.2400000000E+02
       507   -0.8184298418E+01   -0.8747337597E+01    0.7736345414E+01    0.2314000000E+02
       508   -0.7514248546E+01   -0.8027008687E+01    0.5802259061E+01    0.2236000000E+02
       509   -0.7056050552E+01   -0.7536097807E+01    0.4641807249E+01    0.2136000000E+02
       510   -0.8691065742E+01   -0.8895267603E+01    0.1160451812E+02    0.1298666667E+02
       511   -0.7460589712E+01   -0.7520828054E+01    0.7736345414E+01    0.1202666667E+02
       512   -0.6904712014E+01   -0.6877753794E+01    0.5802259061E+01    0.1194666667E+02
       513   -0.6417847067E+01   -0.6414801739E+01    0.4641807249E+01    0.1120000000E+02
       514   -0.9781052244E+01   -0.1005114432E+02    0.1160451812E+02    0.2346000000E+02
       515   -0.8498704662E+01   -0.8723057564E+01    0.7736345414E+01    0.2292000000E+02
       516   -0.7700822026E+01   -0.7960790415E+01    0.5802259061E+01    0.2176000000E+02
       517   -0.7180895203E+01   -0.7487537741E+01    0.4641807249E+01    0.2092000000E+02
       518   -0.8697347898E+01   -0.8979511959E+01    0.1160451812E+02    0.1375000000E+02
       519   -0.7523409893E+01   -0.7612920502E+01    0.7736345414E+01    0.1286111111E+02
       520   -0.6856044907E+01   -0.6951084398E+01    0.5802259061E+01    0.1261111111E+02
       521   -0.6477865757E+01   -0.6500027107E+01    0.4641807249E+01    0.1197222222E+02
       522   -0.9020624554E+01   -0.8750280632E+01    0.7736345414E+01    0.2316666667E+02
       523   -0.7993409487E+01   -0.8055598163E+01    0.5802259061E+01    0.2261904762E+02
       524   -0.7561891384E+01   -0.7682934196E+01    0.4641807249E+01    0.2269047619E+02
       525   -0.8690668393E+01   -0.9489024772E+01    0.1160451812E+02    0.1836666667E+02
       526   -0.7694975365E+01   -0.8134082825E+01    0.7736345414E+01    0.1758333333E+02
       527   -0.6986343503E+01   -0.7509034651E+01    0.5802259061E+01    0.1766666667E+02
       528   -0.6582522397E+01   -0.7018123771E+01    0.4641807249E+01    0.1666666667E+02
       529   -0.1082403232E+02   -0.1015541182E+02    0.1160451812E+02    0.2440476190E+02
       530   -0.9142833137E+01   -0.8808090234E+01    0.7736345414E+01    0.2369047619E+02
       531   -0.8048916052E+01   -0.8052970454E+01    0.5802259061E+01    0.2259523810E+02
       532   -0.7443094760E+01   -0.7625124594E+01    0.4641807249E+01    0.2216666667E+02
       533   -0.9911870592E+01   -0.1019548439E+02    0.1160451812E+02    0.2476785714E+02
       534   -0.8383151929E+01   -0.8800864033E+01    0.7736345414E+01    0.2362500000E+02
       535   -0.7681533073E+01   -0.8072021345E+01    0.5802259061E+01    0.2276785714E+02
       536   -0.7178641855E+01   -0.7677678778E+01    0.4641807249E+01    0.2264285714E+02
       537   -0.1053341959E+02   -0.8876045910E+01    0.1160451812E+02    0.1281250000E+02
       538   -0.8627450119E+01   -0.7531680493E+01    0.7736345414E+01    0.1212500000E+02
       539   -0.7698662598E+01   -0.6797418155E+01    0.5802259061E+01    0.1121875000E+02
       540   -0.7476114858E+01   -0.6409973324E+01    0.4641807249E+01    0.1115625000E+02
       541   -0.8806333660E+01   -0.8920191424E+01    0.1160451812E+02    0.1321250000E+02
       542   -0.7589866579E+01   -0.7640664732E+01    0.7736345414E+01    0.1311250000E+02
       543   -0.6970845463E+01   -0.6949858134E+01    0.5802259061E+01    0.1260000000E+02
       544   -0.6445220913E+01   -0.6527924620E+01    0.4641807249E+01    0.1222500000E+02
       545   -0.8421823013E+01   -0.8931227803E+01    0.1160451812E+02    0.1331250000E+02
       546   -0.7398897400E+01   -0.7585482839E+01    0.7736345414E+01    0.1261250000E+02
       547   -0.6770836679E+01   -0.6851910274E+01    0.5802259061E+01    0.1171250000E+02
       548   -0.6293595463E+01   -0.6424458571E+01    0.4641807249E+01    0.1128750000E+02
       549   -0.8061974574E+01   -0.8928468708E+01    0.1160451812E+02    0.1328750000E+02
       550   -0.7197394198E+01   -0.7665496584E+01    0.7736345414E+01    0.1333750000E+02
       551   -0.6679312593E+01   -0.6945719492E+01    0.5802259061E+01    0.1256250000E+02
       552   -0.6348553462E+01   -0.6547238283E+01    0.4641807249E+01    0.1240000000E+02
       553   -0.9308525581E+01   -0.9119218498E+01    0.1160451812E+02    0.1501587302E+02
       554   -0.7867365131E+01   -0.7861239021E+01    0.7736345414E+01    0.1511111111E+02
       555   -0.7149724552E+01   -0.7148162588E+01    0.5802259061E+01    0.1439682540E+02
       556   -0.6641219037E+01   -0.6748345626E+01    0.4641807249E+01    0.1422222222E+02
       557   -0.9136757252E+01   -0.9036883610E+01    0.1160451812E+02    0.1426984127E+02
       558   -0.7847924599E+01   -0.7729853561E+01    0.7736345414E+01    0.1392063492E+02
       559   -0.7113297276E+01   -0.7023784353E+01    0.5802259061E+01    0.1326984127E+02
       560   -0.6644294001E+01   -0.6641485452E+01    0.4641807249E+01    0.1325396825E+02
       561   -0.9383465942E+01   -0.9124473916E+01    0.1160451812E+02    0.1506349206E+02
       562   -0.7939353893E+01   -0.7847224571E+01    0.7736345414E+01    0.1498412698E+02
       563   -0.7161881886E+01   -0.7160425231E+01    0.5802259061E+01    0.1450793651E+02
       564   -0.6664023213E+01   -0.6702798667E+01    0.4641807249E+01    0.1380952381E+02
       565   -0.1042153586E+02   -0.8963307752E+01    0.1160451812E+02    0.1360317460E+02
       566   -0.7920485328E+01   -0.7622993387E+01    0.7736345414E+01    0.1295238095E+02
       567   -0.7118161792E+01   -0.6944953078E+01    0.5802259061E+01    0.1255555556E+02
       568   -0.6763143983E+01   -0.6538128891E+01    0.4641807249E+01    0.1231746032E+02
       569   -0.8707016819E+01   -0.8992115231E+01    0.1160451812E+02    0.1386419753E+02
       570   -0.7450341128E+01   -0.7626886290E+01    0.7736345414E+01    0.1298765432E+02
       571   -0.6828553140E+01   -0.6942228046E+01    0.5802259061E+01    0.1253086420E+02
       572   -0.6432394960E+01   -0.6535793150E+01    0.4641807249E+01    0.1229629630E+02
       573   -0.8395680232E+01   -0.9120191724E+01    0.1160451812E+02    0.1502469136E+02
       574   -0.7353216004E+01   -0.7794475743E+01    0.7736345414E+01    0.1450617284E+02
       575   -0.6832541411E+01   -0.7081204665E+01    0.5802259061E+01    0.1379012346E+02
       576   -0.6415076070E+01   -0.6697932539E+01    0.4641807249E+01    0.1376543210E+02
       577   -0.8302116490E+01   -0.9065691089E+01    0.1160451812E+02    0.1453086420E+02
       578   -0.7336711096E+01   -0.7724987433E+01    0.7736345414E+01    0.1387654321E+02
       579   -0.6701819414E+01   -0.7073029569E+01    0.5802259061E+01    0.1371604938E+02
       580   -0.6401984851E+01   -0.6642069388E+01    0.4641807249E+01    0.1325925926E+02
       581   -0.8570806016E+01   -0.9061603541E+01    0.1160451812E+02    0.1449382716E+02
       582   -0.7389049609E+01   -0.7760412845E+01    0.7736345414E+01    0.1419753086E+02
       583   -0.6893833538E+01   -0.7134342784E+01    0.5802259061E+01    0.1427160494E+02
       584   -0.6415590287E+01   -0.6636619324E+01    0.4641807249E+01    0.1320987654E+02
       585   -0.8803186025E+01   -0.8688274190E+01    0.1160451812E+02    0.1111111111E+02
       586   -0.7556402437E+01   -0.7378908400E+01    0.7736345414E+01    0.1074074074E+02
       587   -0.7120786013E+01   -0.6638387005E+01    0.5802259061E+01    0.9777777778E+01
       588   -0.6483463641E+01   -0.6298715387E+01    0.4641807249E+01    0.1014814815E+02
       589   -0.8686950609E+01   -0.9024815612E+01    0.1160451812E+02    0.1416049383E+02
       590   -0.7532229186E+01   -0.7692287052E+01    0.7736345414E+01    0.1358024691E+02
       591   -0.6928567458E+01   -0.7043054220E+01    0.5802259061E+01    0.1344444444E+02
       592   -0.6533142102E+01   -0.6618906618E+01    0.4641807249E+01    0.1304938272E+02
       593   -0.8423701938E+01   -0.9039803287E+01    0.1160451812E+02    0.1429629630E+02
       594   -0.7383399426E+01   -0.7700462148E+01    0.7736345414E+01    0.1365432099E+02
       595   -0.6800189058E+01   -0.7037604157E+01    0.5802259061E+01    0.1339506173E+02
       596   -0.6385856727E+01   -0.6578031142E+01    0.4641807249E+01    0.1267901235E+02
       597   -0.8621110305E+01   -0.9024815612E+01    0.1160451812E+02    0.1416049383E+02
       598   -0.7419940493E+01   -0.7686836989E+01    0.7736345414E+01    0.1353086420E+02
       599   -0.7002072112E+01   -0.6994003649E+01    0.5802259061E+01    0.1300000000E+02
       600   -0.6457283855E+01   -0.6558955919E+01    0.4641807249E+01    0.1250617284E+02
       601   -0.9921215773E+01   -0.9951816915E+01    0.1160451812E+02    0.2256000000E+02
       602   -0.8249319134E+01   -0.8471428132E+01    0.7736345414E+01    0.2064000000E+02
       603   -0.7571915471E+01   -0.7748891946E+01    0.5802259061E+01    0.1984000000E+02
       604   -0.7039490001E+01   -0.7280053823E+01    0.4641807249E+01    0.1904000000E+02
       605   -0.1100939035E+02   -0.1015488628E+02    0.1160451812E+02    0.2440000000E+02
       606   -0.9400269191E+01   -0.8881981416E+01    0.7736345414E+01    0.2436000000E+02
       607   -0.8320318054E+01   -0.8260979914E+01    0.5802259061E+01    0.2448000000E+02
       608   -0.7739859056E+01   -0.7778898136E+01    0.4641807249E+01    0.2356000000E+02
       609   -0.9966122819E+01   -0.8820177696E+01    0.7736345414E+01    0.2380000000E+02
       610   -0.8819911747E+01   -0.8193290125E+01    0.5802259061E+01    0.2386666667E+02
       611   -0.7930618650E+01   -0.7856888545E+01    0.4641807249E+01    0.2426666667E+02
       612   -0.1007241047E+02   -0.1002244974E+02    0.1160451812E+02    0.2320000000E+02
       613   -0.8477713377E+01   -0.8571859177E+01    0.7736345414E+01    0.2155000000E+02
       614   -0.7890951063E+01   -0.7865877559E+01    0.5802259061E+01    0.2090000000E+02
       615   -0.7167136168E+01   -0.7363930300E+01    0.4641807249E+01    0.1980000000E+02
       616   -0.1090669876E+02   -0.1031920570E+02    0.1160451812E+02    0.2588888889E+02
       617   -0.8528006444E+01   -0.8085378867E+01    0.5802259061E+01    0.2288888889E+02
       618   -0.7762226339E+01   -0.7545417415E+01    0.4641807249E+01    0.2144444444E+02
       619   -0.9576325666E+01   -0.9039743544E+01    0.7736345414E+01    0.2578947368E+02
       620   -0.7897357569E+01   -0.8271900120E+01    0.5802259061E+01    0.2457894737E+02
       621   -0.7324989775E+01   -0.7856501303E+01    0.4641807249E+01    0.2426315789E+02
       622   -0.8819737157E+01   -0.8003485679E+01    0.7736345414E+01    0.1640000000E+02
       623   -0.7803542649E+01   -0.7263291287E+01    0.5802259061E+01    0.1544000000E+02
       624   -0.7421083365E+01   -0.6971035222E+01    0.4641807249E+01    0.1624000000E+02
       625   -0.1084483459E+02   -0.1041636356E+02    0.1160451812E+02    0.2676923077E+02
       626   -0.9032169082E+01   -0.9096936114E+01    0.7736345414E+01    0.2630769231E+02
       627   -0.7969454804E+01   -0.8343837648E+01    0.5802259061E+01    0.2523076923E+02
       628   -0.7251466192E+01   -0.7886884856E+01    0.4641807249E+01    0.2453846154E+02
       629   -0.8711198539E+01   -0.8180067736E+01    0.7736345414E+01    0.1800000000E+02
       630   -0.7647430285E+01   -0.7442816379E+01    0.5802259061E+01    0.1706666667E+02
       631   -0.6971389356E+01   -0.6973978256E+01    0.4641807249E+01    0.1626666667E+02
       632   -0.9122247996E+01   -0.8751058922E+01    0.1160451812E+02    0.1168000000E+02
       633   -0.7712870982E+01   -0.7363375719E+01    0.7736345414E+01    0.1060000000E+02
       634   -0.7110512917E+01   -0.6693814150E+01    0.5802259061E+01    0.1028000000E+02
       635   -0.6594166819E+01   -0.6216146924E+01    0.4641807249E+01    0.9400000000E+01
       636   -0.1044099602E+02   -0.9865487909E+01    0.1160451812E+02    0.2177777778E+02
       637   -0.9214511057E+01   -0.8511159095E+01    0.7736345414E+01    0.2100000000E+02
       638   -0.8100820455E+01   -0.7766550152E+01    0.5802259061E+01    0.2000000000E+02
       639   -0.7404426550E+01   -0.7422790986E+01    0.4641807249E+01    0.2033333333E+02
       640   -0.8608926974E+01   -0.9013724733E+01    0.1160451812E+02    0.1406000000E+02
       641   -0.7737540157E+01   -0.7769514452E+01    0.7736345414E+01    0.1428000000E+02
       642   -0.7085556388E+01   -0.7099952883E+01    0.5802259061E+01    0.1396000000E+02
       643   -0.6753307786E+01   -0.6635529312E+01    0.4641807249E+01    0.1320000000E+02
       644   -0.9402411704E+01   -0.8577377366E+01    0.7736345414E+01    0.2160000000E+02
       645   -0.8805285348E+01   -0.7788622909E+01    0.5802259061E+01    0.2020000000E+02
       646   -0.7706929864E+01   -0.7650876144E+01    0.4641807249E+01    0.2240000000E+02
       647   -0.9358526045E+01   -0.8537646403E+01    0.7736345414E+01    0.2124000000E+02
       648   -0.8047086130E+01   -0.7819524769E+01    0.5802259061E+01    0.2048000000E+02
       649   -0.7362308168E+01   -0.7403661263E+01    0.4641807249E+01    0.2016000000E+02
       650   -0.8197859484E+01   -0.8393881147E+01    0.5802259061E+01    0.2568421053E+02
       651   -0.7387915916E+01   -0.7937821988E+01    0.4641807249E+01    0.2500000000E+02
       652   -0.1055677961E+02   -0.9816437337E+01    0.1160451812E+02    0.2133333333E+02
       653   -0.8603075751E+01   -0.8511159095E+01    0.7736345414E+01    0.2100000000E+02
       654   -0.7583883114E+01   -0.7509034651E+01    0.5802259061E+01    0.1766666667E+02
       655   -0.7403321587E+01   -0.7183669450E+01    0.4641807249E+01    0.1816666667E+02
       656   -0.8628705927E+01   -0.9181831334E+01    0.7736345414E+01    0.2707692308E+02
       657   -0.7832356951E+01   -0.8505138566E+01    0.5802259061E+01    0.2669230769E+02
       658   -0.7255515648E+01   -0.8005738165E+01    0.4641807249E+01    0.2561538462E+02
       659   -0.1086044925E+02   -0.9287426923E+01    0.1160451812E+02    0.1654000000E+02
       660   -0.8675341685E+01   -0.8049838469E+01    0.7736345414E+01    0.1682000000E+02
       661   -0.7862371385E+01   -0.7375862349E+01    0.5802259061E+01    0.1646000000E+02
       662   -0.7332850860E+01   -0.7026217115E+01    0.4641807249E+01    0.1674000000E+02
       663   -0.9126167436E+01   -0.8437583237E+01    0.7736345414E+01    0.2033333333E+02
       664   -0.8172966102E+01   -0.7692974294E+01    0.5802259061E+01    0.1933333333E+02
       665   -0.7684392987E+01   -0.7275639271E+01    0.4641807249E+01    0.1900000000E+02
       666   -0.9910129562E+01   -0.8444940823E+01    0.7736345414E+01    0.2040000000E+02
       667   -0.7898239256E+01   -0.7589968094E+01    0.5802259061E+01    0.1840000000E+02
       668   -0.7403513324E+01   -0.7099057213E+01    0.4641807249E+01    0.1740000000E+02
       669   -0.9339819415E+01   -0.9084357556E+01    0.1160451812E+02    0.1470000000E+02
       670   -0.7618535614E+01   -0.7756270798E+01    0.7736345414E+01    0.1416000000E+02
       671   -0.8103555900E+01   -0.7097745608E+01    0.5802259061E+01    0.1394000000E+02
       672   -0.6658150066E+01   -0.6710576686E+01    0.4641807249E+01    0.1388000000E+02
       673   -0.9434565758E+01   -0.9078514767E+01    0.1160451812E+02    0.1464705882E+02
       674   -0.8134175826E+01   -0.7680184706E+01    0.7736345414E+01    0.1347058824E+02
       675   -0.7355911941E+01   -0.6964789706E+01    0.5802259061E+01    0.1273529412E+02
       676   -0.6870023462E+01   -0.6574504630E+01    0.4641807249E+01    0.1264705882E+02
       677   -0.1045242357E+02   -0.1004452250E+02    0.1160451812E+02    0.2340000000E+02
       678   -0.9255312634E+01   -0.8745130321E+01    0.7736345414E+01    0.2312000000E+02
       679   -0.8574625819E+01   -0.8119714267E+01    0.5802259061E+01    0.2320000000E+02
       680   -0.7634187925E+01   -0.7677363453E+01    0.4641807249E+01    0.2264000000E+02
       681   -0.8764466155E+01   -0.8689255202E+01    0.1160451812E+02    0.1112000000E+02
       682   -0.7431850894E+01   -0.7447252196E+01    0.7736345414E+01    0.1136000000E+02
       683   -0.6847206895E+01   -0.6790934282E+01    0.5802259061E+01    0.1116000000E+02
       684   -0.6471648977E+01   -0.6322096159E+01    0.4641807249E+01    0.1036000000E+02
       685   -0.7718153387E+01   -0.8088876205E+01    0.1160451812E+02    0.5680000000E+01
       686   -0.6917179144E+01   -0.6820385891E+01    0.7736345414E+01    0.5680000000E+01
       687   -0.6410039637E+01   -0.6155238874E+01    0.5802259061E+01    0.5400000000E+01
       688   -0.6049060864E+01   -0.5730546265E+01    0.4641807249E+01    0.5000000000E+01
       689   -0.1099963488E+02   -0.9049300824E+01    0.1160451812E+02    0.1438235294E+02
       690   -0.7889474795E+01   -0.7754842560E+01    0.7736345414E+01    0.1414705882E+02
       691   -0.7726757108E+01   -0.7140073365E+01    0.5802259061E+01    0.1432352941E+02
       692   -0.7090648239E+01   -0.6610210561E+01    0.4641807249E+01    0.1297058824E+02
       693   -0.7981129738E+01   -0.8566340988E+01    0.7736345414E+01    0.2150000000E+02
       694   -0.8350088493E+01   -0.7876913938E+01    0.5802259061E+01    0.2100000000E+02
       695   -0.7779640923E+01   -0.7514760808E+01    0.4641807249E+01    0.2116666667E+02
       696   -0.8400459150E+01   -0.8106470613E+01    0.5802259061E+01    0.2308000000E+02
       697   -0.7484906264E+01   -0.7540512358E+01    0.4641807249E+01    0.2140000000E+02
       698   -0.1085070667E+02   -0.1014083998E+02    0.1160451812E+02    0.2427272727E+02
       699   -0.9409070618E+01   -0.8922515025E+01    0.7736345414E+01    0.2472727273E+02
       700   -0.8038778162E+01   -0.8057509225E+01    0.5802259061E+01    0.2263636364E+02
       701   -0.8075708321E+01   -0.7646862915E+01    0.4641807249E+01    0.2236363636E+02
       702   -0.8494029552E+01   -0.8786375333E+01    0.1160451812E+02    0.1200000000E+02
       703   -0.7695657194E+01   -0.7426997196E+01    0.7736345414E+01    0.1117647059E+02
       704   -0.7007990507E+01   -0.6711602196E+01    0.5802259061E+01    0.1044117647E+02
       705   -0.6585080940E+01   -0.6288857184E+01    0.4641807249E+01    0.1005882353E+02
       706   -0.1066622064E+02   -0.1006935435E+02    0.1160451812E+02    0.2362500000E+02
       707   -0.9315356502E+01   -0.8704295720E+01    0.7736345414E+01    0.2275000000E+02
       708   -0.7589763726E+01   -0.7918300358E+01    0.5802259061E+01    0.2137500000E+02
       709   -0.6990191031E+01   -0.7468775897E+01    0.4641807249E+01    0.2075000000E+02
       710   -0.1019915610E+02   -0.1014469886E+02    0.1160451812E+02    0.2430769231E+02
       711   -0.8521762615E+01   -0.8748865711E+01    0.7736345414E+01    0.2315384615E+02
       712   -0.7739831939E+01   -0.8089151988E+01    0.5802259061E+01    0.2292307692E+02
       713   -0.7319691681E+01   -0.7717094416E+01    0.4641807249E+01    0.2300000000E+02
       714   -0.9349048570E+01   -0.9260290415E+01    0.1160451812E+02    0.1629411765E+02
       715   -0.8105191825E+01   -0.8066457957E+01    0.7736345414E+01    0.1697058824E+02
       716   -0.7624023707E+01   -0.7399752863E+01    0.5802259061E+01    0.1667647059E+02
       717   -0.7547792117E+01   -0.6960777881E+01    0.4641807249E+01    0.1614705882E+02
       718   -0.1050351240E+02   -0.1011074077E+02    0.1160451812E+02    0.2400000000E+02
       719   -0.8435551455E+01   -0.8649113827E+01    0.7736345414E+01    0.2225000000E+02
       720   -0.7829759552E+01   -0.8009350481E+01    0.5802259061E+01    0.2220000000E+02
       721   -0.7496648396E+01   -0.7512921411E+01    0.4641807249E+01    0.2115000000E+02
       722   -0.9042986948E+01   -0.8610486502E+01    0.7736345414E+01    0.2190000000E+02
       723   -0.8232647532E+01   -0.8020386860E+01    0.5802259061E+01    0.2230000000E+02
       724   -0.7480485740E+01   -0.7507403222E+01    0.4641807249E+01    0.2110000000E+02
       725   -0.8854068309E+01   -0.8672765554E+01    0.1160451812E+02    0.1097058824E+02
       726   -0.7866398342E+01   -0.7300403441E+01    0.7736345414E+01    0.1002941176E+02
       727   -0.7487959563E+01   -0.6672650271E+01    0.5802259061E+01    0.1008823529E+02
       728   -0.6930963314E+01   -0.6220691316E+01    0.4641807249E+01    0.9441176471E+01
       729   -0.8993126366E+01   -0.9152783103E+01    0.1160451812E+02    0.1532000000E+02
       730   -0.7932108228E+01   -0.7831318172E+01    0.7736345414E+01    0.1484000000E+02
       731   -0.7201180612E+01   -0.7130854744E+01    0.5802259061E+01    0.1424000000E+02
       732   -0.6856359940E+01   -0.6679674826E+01    0.4641807249E+01    0.1360000000E+02
       733   -0.8617600992E+01   -0.8747423409E+01    0.1160451812E+02    0.1164705882E+02
       734   -0.7573713648E+01   -0.7482179089E+01    0.7736345414E+01    0.1167647059E+02
       735   -0.7056646663E+01   -0.6795998032E+01    0.5802259061E+01    0.1120588235E+02
       736   -0.6648089807E+01   -0.6314825134E+01    0.4641807249E+01    0.1029411765E+02
       737   -0.7322772665E+01   -0.8848914813E+01    0.1160451812E+02    0.1256666667E+02
       738   -0.6625547438E+01   -0.7498264791E+01    0.7736345414E+01    0.1182222222E+02
       739   -0.6181957624E+01   -0.6758560905E+01    0.5802259061E+01    0.1086666667E+02
       740   -0.5889564131E+01   -0.6342452146E+01    0.4641807249E+01    0.1054444444E+02
       741   -0.9513329671E+01   -0.8851295207E+01    0.1160451812E+02    0.1258823529E+02
       742   -0.8194839439E+01   -0.7485425082E+01    0.7736345414E+01    0.1170588235E+02
       743   -0.7294345101E+01   -0.6851179925E+01    0.5802259061E+01    0.1170588235E+02
       744   -0.6800241054E+01   -0.6386236995E+01    0.4641807249E+01    0.1094117647E+02
       745   -0.9023685717E+01   -0.8756662006E+01    0.1160451812E+02    0.1173076923E+02
       746   -0.7599234252E+01   -0.7479682170E+01    0.7736345414E+01    0.1165384615E+02
       747   -0.7017502513E+01   -0.6705359900E+01    0.5802259061E+01    0.1038461538E+02
       748   -0.6493621255E+01   -0.6363015655E+01    0.4641807249E+01    0.1073076923E+02
       749   -0.8206737175E+01   -0.8729071060E+01    0.1160451812E+02    0.1148076923E+02
       750   -0.7330505772E+01   -0.7386297429E+01    0.7736345414E+01    0.1080769231E+02
       751   -0.6686289214E+01   -0.6688380856E+01    0.5802259061E+01    0.1023076923E+02
       752   -0.6268034508E+01   -0.6220816162E+01    0.4641807249E+01    0.9442307692E+01
       753   -0.1009912781E+02   -0.9890013195E+01    0.1160451812E+02    0.2200000000E+02
       754   -0.8654045521E+01   -0.8553606704E+01    0.7736345414E+01    0.2138461538E+02
       755   -0.7793895393E+01   -0.7813242522E+01    0.5802259061E+01    0.2042307692E+02
       756   -0.7203741603E+01   -0.7453919234E+01    0.4641807249E+01    0.2061538462E+02
       757   -0.9136130334E+01   -0.8582626805E+01    0.1160451812E+02    0.1015384615E+02
       758   -0.7644478451E+01   -0.7067940353E+01    0.7736345414E+01    0.7923076923E+01
       759   -0.6888567154E+01   -0.6420960913E+01    0.5802259061E+01    0.7807692308E+01
       760   -0.6533488208E+01   -0.6023434775E+01    0.4641807249E+01    0.7653846154E+01
       761   -0.7252437707E+01   -0.8434185016E+01    0.1160451812E+02    0.8808823529E+01
       762   -0.6657785198E+01   -0.7061822903E+01    0.7736345414E+01    0.7867647059E+01
       763   -0.6184611188E+01   -0.6362657872E+01    0.5802259061E+01    0.7279411765E+01
       764   -0.5833571348E+01   -0.5923682891E+01    0.4641807249E+01    0.6750000000E+01
       765   -0.8855359763E+01   -0.8581098691E+01    0.1160451812E+02    0.1014000000E+02
       766   -0.7340474838E+01   -0.7131611768E+01    0.7736345414E+01    0.8500000000E+01
       767   -0.6906907139E+01   -0.6451013821E+01    0.5802259061E+01    0.8080000000E+01
       768   -0.6348556778E+01   -0.6030735764E+01    0.4641807249E+01    0.7720000000E+01
       769   -0.1019620093E+02   -0.8471513944E+01    0.1160451812E+02    0.9147058824E+01
       770   -0.8128116984E+01   -0.7154333724E+01    0.7736345414E+01    0.8705882353E+01
       771   -0.7522337705E+01   -0.6464906674E+01    0.5802259061E+01    0.8205882353E+01
       772   -0.6928973910E+01   -0.6012947718E+01    0.4641807249E+01    0.7558823529E+01
       773   -0.7759004569E+01   -0.8744331987E+01    0.1160451812E+02    0.1161904762E+02
       774   -0.7047144136E+01   -0.7441681453E+01    0.7736345414E+01    0.1130952381E+02
       775   -0.6514059762E+01   -0.6729918875E+01    0.5802259061E+01    0.1060714286E+02
       776   -0.6170043181E+01   -0.6332291671E+01    0.4641807249E+01    0.1045238095E+02
       777   -0.9242724111E+01   -0.8989444700E+01    0.1160451812E+02    0.1384000000E+02
       778   -0.7797762469E+01   -0.7643699736E+01    0.7736345414E+01    0.1314000000E+02
       779   -0.7075400502E+01   -0.6956479961E+01    0.5802259061E+01    0.1266000000E+02
       780   -0.6698794063E+01   -0.6529580077E+01    0.4641807249E+01    0.1224000000E+02
       781   -0.8688721406E+01   -0.9035401313E+01    0.1160451812E+02    0.1425641026E+02
       782   -0.7619808253E+01   -0.7732952911E+01    0.7736345414E+01    0.1394871795E+02
       783   -0.6910452212E+01   -0.7033621418E+01    0.5802259061E+01    0.1335897436E+02
       784   -0.6469850926E+01   -0.6573838785E+01    0.4641807249E+01    0.1264102564E+02
       785   -0.7599608497E+01   -0.8627727391E+01    0.1160451812E+02    0.1056250000E+02
       786   -0.6845986935E+01   -0.7287500616E+01    0.7736345414E+01    0.9912500000E+01
       787   -0.6418723096E+01   -0.6649116817E+01    0.5802259061E+01    0.9875000000E+01
       788   -0.6030265460E+01   -0.6178899147E+01    0.4641807249E+01    0.9062500000E+01
       789   -0.7956938750E+01   -0.8826382206E+01    0.1160451812E+02    0.1236250000E+02
       790   -0.7053572694E+01   -0.7578585102E+01    0.7736345414E+01    0.1255000000E+02
       791   -0.6622878939E+01   -0.6858808011E+01    0.5802259061E+01    0.1177500000E+02
       792   -0.6229724934E+01   -0.6406524456E+01    0.4641807249E+01    0.1112500000E+02
