        Rank        RMSE       MaxAE  Feature_ID
           1    0.493402    2.603303  (       1       2)
           2    0.506426    2.380277  (       1       5)
           3    0.509658    2.391531  (       1       6)
           4    0.510234    2.691681  (       1       3)
           5    0.523743    2.464327  (       1       8)
           6    0.535066    2.109576  (       1       7)
           7    0.546632    2.462501  (       1       9)
           8    0.563167    2.765960  (       1      11)
           9    0.564999    2.689194  (       1      10)
          10    0.589543    2.857614  (       1       4)
          11    0.596295    2.853563  (       1      21)
          12    0.596295    2.853563  (       1      12)
          13    0.609058    3.044165  (       1      14)
          14    0.609419    2.874982  (       1      13)
          15    0.625245    2.930475  (       1      15)
          16    0.642237    2.791614  (       1      16)
          17    0.656870    2.910790  (       1      19)
          18    0.662354    2.953556  (       1      20)
          19    0.675779    3.158315  (       1      22)
          20    0.680201    2.615706  (       1      23)
          21    0.683849    2.773716  (       1      24)
          22    0.684464    3.003005  (       1      17)
          23    0.687081    3.094916  (       1      25)
          24    0.691813    3.328359  (       1      26)
          25    0.695407    3.280526  (       1      27)
          26    0.704478    3.147667  (       1      28)
          27    0.714045    3.297918  (       1      18)
          28    0.714424    3.129615  (       1      29)
          29    0.721993    3.218083  (       1      30)
          30    0.732380    3.172167  (       1      31)
          31    0.732577    3.183715  (       1      32)
          32    0.735240    3.122793  (       1      33)
          33    0.735950    3.180129  (       1      34)
          34    0.738198    3.100449  (       1      35)
          35    0.738232    3.298733  (       1      36)
          36    0.739492    3.331618  (       1      37)
          37    0.742348    3.286585  (       1      38)
          38    0.742588    3.219551  (       1      39)
          39    0.745553    3.290743  (       1      40)
          40    0.926468    2.981626  (       2      17)
          41    0.942597    3.047474  (       3      17)
          42    0.948901    3.394783  (       2      39)
          43    0.950406    3.301877  (       2       9)
          44    0.950423    3.349261  (       2      27)
          45    0.953976    3.263565  (       2      33)
          46    0.954146    3.473802  (       2      35)
          47    0.956848    3.191281  (       4      17)
          48    0.958172    3.404029  (       4       9)
          49    0.958740    3.446553  (       2      24)
          50    0.960306    3.396633  (       2      13)
          51    0.961458    3.343649  (       3       9)
          52    0.962957    3.432463  (       2      15)
          53    0.963142    3.431320  (       2       3)
          54    0.963933    3.587425  (       2      25)
          55    0.964133    3.630410  (       2      18)
          56    0.965778    3.523217  (       2      30)
          57    0.965840    3.475470  (       2      29)
          58    0.965923    3.340293  (       2      26)
          59    0.965932    3.224550  (       2      36)
          60    0.966225    3.424251  (       2      12)
          61    0.966225    3.424251  (       2      21)
          62    0.968609    3.337639  (       2      32)
          63    0.968890    3.428357  (       2      11)
          64    0.969022    3.477160  (       3      35)
          65    0.969143    3.271898  (       2      40)
          66    0.969222    3.325116  (       3      33)
          67    0.969951    3.407893  (       2      23)
          68    0.970089    3.485770  (       3      39)
          69    0.970103    3.454867  (       2      38)
          70    0.970399    3.575699  (       2      22)
          71    0.970399    3.355411  (       2      34)
          72    0.970638    3.490356  (       2      37)
          73    0.971521    3.448667  (       2      31)
          74    0.971705    3.482176  (       2      10)
          75    0.971761    3.491179  (       2      14)
          76    0.971763    3.458082  (       2      16)
          77    0.971875    3.453184  (       3      24)
          78    0.971936    3.723649  (       9      24)
          79    0.972227    3.450372  (       2       8)
          80    0.972377    3.448272  (       2       6)
          81    0.972523    3.482390  (       2       5)
          82    0.972537    3.449930  (       3      27)
          83    0.972899    3.453590  (       2       4)
          84    0.972970    3.463815  (       2      28)
          85    0.973384    3.472457  (       2       7)
          86    0.973395    3.470907  (       2      20)
          87    0.973400    3.470566  (       2      19)
          88    0.976634    3.470477  (       3      13)
          89    0.977402    3.498730  (       3      15)
          90    0.978523    3.429675  (       4      35)
          91    0.978732    3.670384  (       3      25)
          92    0.979130    3.492616  (       3      38)
          93    0.980204    3.712385  (       3      18)
          94    0.980457    3.539389  (       3      30)
          95    0.981173    3.232527  (      11      17)
          96    0.982490    3.440183  (       4      24)
          97    0.984313    3.432976  (       3      26)
          98    0.984352    3.253426  (       3      36)
          99    0.985090    3.512141  (       3      16)
         100    0.985365    3.496240  (       3       8)
