        Rank        RMSE       MaxAE  Feature_ID
           1    0.347173    2.157748  (       1       2       6      11      24      30      43)
           2    0.347752    2.142414  (       1       2       6      11      24      41      43)
           3    0.348021    2.096557  (       1       2       6      11      16      24      43)
           4    0.348308    2.103238  (       1       2       8      11      24      41      43)
           5    0.348486    2.115441  (       1       2       8      11      24      30      43)
           6    0.348713    2.058073  (       1       2       8      11      16      24      43)
           7    0.348800    2.100336  (       1       2       6      11      20      24      43)
           8    0.349003    2.067536  (       1       2       8      11      20      24      43)
           9    0.349746    2.070616  (       1       2       4      17      20      24      43)
          10    0.350088    2.101574  (       1       2      13      17      20      24      43)
          11    0.350147    2.033739  (       1       2       8      20      21      24      43)
          12    0.350147    2.033739  (       1       2       8      12      20      24      43)
          13    0.350204    2.058647  (       1       2       8      20      24      33      43)
          14    0.350237    2.015354  (       1       2       8      11      24      29      43)
          15    0.350293    2.095298  (       1       2      17      20      24      34      43)
          16    0.350344    2.099614  (       1       2       6      11      19      24      43)
          17    0.350444    2.067372  (       1       2       8      11      24      33      43)
          18    0.350462    2.159742  (       1       2       8      24      26      30      43)
          19    0.350578    2.097458  (       1       2      11      12      24      33      43)
          20    0.350578    2.097458  (       1       2      11      21      24      33      43)
          21    0.350578    2.097458  (       1       2       6      11      24      33      43)
          22    0.350578    2.097458  (       1       2       6      11      21      24      43)
          23    0.350578    2.097458  (       1       2       6      11      12      24      43)
          24    0.350594    2.073048  (       1       2       4       6      20      24      43)
          25    0.350656    2.085787  (       1       2       5      11      24      26      43)
          26    0.350711    2.090840  (       1       2      17      20      24      32      43)
          27    0.350753    2.154326  (       1       2       6      11      24      39      43)
          28    0.350813    2.100569  (       1       2       8      20      24      26      43)
          29    0.350861    2.057118  (       1       2       6      11      24      29      43)
          30    0.350862    2.002293  (       1       2       8      13      24      29      43)
          31    0.350896    2.104145  (       1       2       8      16      24      26      43)
          32    0.350903    2.078375  (       1       2       4      12      24      33      43)
          33    0.350903    2.078375  (       1       2       4      21      24      33      43)
          34    0.350903    2.078375  (       1       2       4       6      24      33      43)
          35    0.350903    2.078375  (       1       2       4       6      21      24      43)
          36    0.350903    2.078375  (       1       2       4       6      12      24      43)
          37    0.350943    2.188672  (       1       2       6      24      26      30      43)
          38    0.350987    2.060163  (       1       2       4       8      24      33      43)
          39    0.351024    2.027009  (       1       2       8      17      21      24      43)
          40    0.351024    2.027009  (       1       2       8      12      17      24      43)
          41    0.351058    2.045032  (       1       2       8      11      21      24      43)
          42    0.351058    2.045032  (       1       2       8      11      12      24      43)
          43    0.351090    2.144576  (       1       2       8      24      26      41      43)
          44    0.351100    2.059504  (       1       2       4       8      20      24      43)
          45    0.351117    2.090885  (       1       2      12      20      24      33      43)
          46    0.351117    2.090885  (       1       2      20      21      24      33      43)
          47    0.351117    2.090885  (       1       2       6      20      24      33      43)
          48    0.351117    2.090885  (       1       2       6      20      21      24      43)
          49    0.351117    2.090885  (       1       2       6      12      20      24      43)
          50    0.351167    2.050351  (       1       2       8      17      20      24      43)
          51    0.351167    2.137661  (       1       2      10      20      24      33      43)
          52    0.351177    2.180637  (       1       2       6      11      17      24      30)
          53    0.351177    2.094416  (       1       2      13      17      24      31      43)
          54    0.351215    2.076923  (       1       2       8      13      24      33      43)
          55    0.351225    2.094380  (       1       2      17      20      24      40      43)
          56    0.351243    1.985362  (       1       2       4       8      24      29      43)
          57    0.351246    2.104445  (       1       2      12      13      24      33      43)
          58    0.351246    2.104445  (       1       2      13      21      24      33      43)
          59    0.351246    2.104445  (       1       2       6      13      24      33      43)
          60    0.351246    2.104445  (       1       2       6      13      21      24      43)
          61    0.351246    2.104445  (       1       2       6      12      13      24      43)
          62    0.351255    2.123138  (       1       2       8      19      24      26      43)
          63    0.351256    2.096751  (       1       2      11      17      20      24      43)
          64    0.351268    2.069493  (       1       2       5      12      24      33      43)
          65    0.351268    2.069493  (       1       2       5      21      24      33      43)
          66    0.351268    2.069493  (       1       2       5       6      24      33      43)
          67    0.351268    2.069493  (       1       2       5       6      21      24      43)
          68    0.351268    2.069493  (       1       2       5       6      12      24      43)
          69    0.351328    2.128209  (       1       2       6      20      24      26      43)
          70    0.351369    2.056104  (       1       2       8      16      24      33      43)
          71    0.351385    2.132459  (       1       2       4       5      11      24      43)
          72    0.351398    2.072674  (       1       2       8      11      19      24      43)
          73    0.351404    2.036747  (       1       2       6      13      24      29      43)
          74    0.351418    2.134919  (       1       2       6      16      24      26      43)
          75    0.351423    2.042799  (       1       2       5       8      24      33      43)
          76    0.351441    2.005487  (       1       2       4       6      24      29      43)
          77    0.351446    2.091573  (       1       2       4       5      20      24      43)
          78    0.351453    2.091333  (       1       2       5       9      11      24      43)
          79    0.351477    2.026854  (       1       2       8      16      21      24      43)
          80    0.351477    2.026854  (       1       2       8      12      16      24      43)
          81    0.351477    2.089360  (       1       2      10      24      26      29      43)
          82    0.351483    2.073090  (       1       2       8      24      33      40      43)
          83    0.351528    2.147151  (       1       2       6      19      24      26      43)
          84    0.351572    2.058448  (       1       2       4      20      24      29      43)
          85    0.351593    2.077022  (       1       2       8      24      33      36      43)
          86    0.351616    2.085581  (       1       2       8      24      26      33      43)
          87    0.351634    2.110787  (       1       2      17      20      24      26      43)
          88    0.351647    2.099960  (       1       2       4      20      24      33      43)
          89    0.351715    2.121830  (       1       2       4      20      24      26      43)
          90    0.351725    2.076928  (       1       2       3      11      17      24      43)
          91    0.351743    2.063236  (       1       2       8      21      24      26      43)
          92    0.351743    2.063236  (       1       2       8      12      24      26      43)
          93    0.351748    2.057554  (       1       2       8      17      24      33      43)
          94    0.351763    2.122824  (       1       2       8      11      24      39      43)
          95    0.351769    2.097927  (       1       2      17      20      24      36      43)
          96    0.351771    2.171537  (       1       2       6      24      26      41      43)
          97    0.351786    2.065258  (       1       2       8      11      17      24      43)
          98    0.351811    2.084337  (       1       2       8      24      33      39      43)
          99    0.351825    2.132889  (       1       2      10      24      31      33      43)
         100    0.351842    2.100689  (       1       2      12      24      33      40      43)
