Model_ID, [(c_i,i=0,n)_j,j=1,ntask]
           1   -0.6356036049E+01   -0.3341480862E+00   -0.1181757274E+00    0.7152811202E+00    0.9090870823E+00    0.1531015276E+00    0.1241729324E+01   -0.2104483227E+01
           2   -0.6075306102E+01   -0.3346432474E+00   -0.1166850437E+00    0.6610314765E+00    0.8395878887E+00    0.1679110975E+00    0.1185237374E+01   -0.2334213334E+01
           3   -0.5779921294E+01   -0.3337356157E+00   -0.1107511475E+00    0.6416364081E+00    0.7293198158E+00    0.1237757815E+00    0.1510422614E+00   -0.2357949064E+01
           4   -0.5496323437E+01   -0.3353746940E+00   -0.1144684864E+00    0.6475819174E+00    0.8118396679E+00    0.1691694038E+00    0.1223614521E+01   -0.2221707330E+01
           5   -0.5639781821E+01   -0.3350145524E+00   -0.1141833661E+00    0.6624831620E+00    0.8524814842E+00    0.1518573982E+00    0.1190465082E+01   -0.1990158557E+01
           6   -0.5195953953E+01   -0.3344402982E+00   -0.1081337366E+00    0.6199972788E+00    0.6952836521E+00    0.1258414700E+00    0.1512556089E+00   -0.2249713302E+01
           7   -0.5264740828E+01   -0.3338747627E+00   -0.1107660237E+00    0.5202083110E+00    0.5486798826E+00    0.1015302295E+00    0.1515815940E+00   -0.2368647901E+01
           8   -0.4801195784E+01   -0.3343663336E+00   -0.1092712532E+00    0.5155108817E+00    0.5193533262E+00    0.1076745037E+00    0.1528572569E+00   -0.2286714609E+01
           9   -0.4329204203E+01   -0.3317874191E+00   -0.7259509684E-01    0.1895495152E-01    0.2319076878E+01    0.1017459164E+00    0.2002598024E+00   -0.4999045540E+01
          10   -0.3424049241E+01   -0.3328891854E+00   -0.8870606423E-01   -0.9771517155E-01    0.3164990243E+01    0.9746408730E-01    0.2101286848E+00   -0.5614816876E+01
          11   -0.3477848440E+01   -0.3345703893E+00   -0.1285654665E+00    0.8647771263E+00    0.7664590352E-01   -0.4118374504E+00    0.1836959230E+00   -0.2088289731E+01
          12   -0.3477848440E+01   -0.3345703893E+00   -0.1285654665E+00    0.8647771262E+00   -0.4118374504E+00    0.7664590353E-01    0.1836959230E+00   -0.2088289731E+01
          13   -0.3811529993E+01   -0.3340339909E+00   -0.1308599460E+00    0.4575300239E+00    0.7359029006E-01    0.1826194564E+00   -0.4107355634E+00   -0.2138777533E+01
          14   -0.4468087016E+01   -0.3364634560E+00   -0.1099810700E+00    0.4752832364E+00    0.4812607559E+00    0.1622437253E+00   -0.2807953710E+00   -0.2084506120E+01
          15   -0.3542998164E+01   -0.3314825719E+00   -0.9647942892E-01    0.3073235292E+01    0.1057365026E+00    0.2189396575E+00   -0.4456686445E-01   -0.5647347024E+01
          16   -0.5383593374E+01   -0.3359128521E+00   -0.1145433716E+00    0.5098334661E+00    0.8274450416E+00   -0.1986988611E-02    0.1574310413E+00   -0.2080233297E+01
          17   -0.4248867656E+01   -0.3365576124E+00   -0.1206495019E+00    0.4496268056E+00    0.3369170489E+00    0.1821690734E+00   -0.3977577726E+00   -0.2089512442E+01
          18   -0.5574485529E+01   -0.3341468877E+00   -0.1276928987E+00    0.5048559359E+00    0.1579200034E+00    0.1307074678E+01    0.9688701535E+00   -0.1762718512E+01
          19   -0.4682579995E+01   -0.3360111062E+00   -0.1199647088E+00    0.3805417014E+00    0.4427033349E+00    0.1766505575E+00   -0.7986633932E+00   -0.2172663886E+01
          20   -0.4682579995E+01   -0.3360111062E+00   -0.1199647088E+00    0.3805417014E+00    0.4427033349E+00    0.1766505575E+00   -0.7986633931E+00   -0.2172663886E+01
          21   -0.4682579995E+01   -0.3360111062E+00   -0.1199647088E+00    0.4427033347E+00    0.3805417014E+00    0.1766505575E+00   -0.3559600583E+00   -0.2172663887E+01
          22   -0.4682579995E+01   -0.3360111062E+00   -0.1199647088E+00    0.7986633929E+00    0.3805417015E+00   -0.3559600582E+00    0.1766505575E+00   -0.2172663887E+01
          23   -0.4682579995E+01   -0.3360111062E+00   -0.1199647088E+00    0.7986633929E+00    0.3805417015E+00   -0.3559600582E+00    0.1766505575E+00   -0.2172663887E+01
          24   -0.5002370471E+01   -0.3320335965E+00   -0.9026623951E-01    0.2281725956E-01    0.2845125727E+00    0.1364205048E+00    0.1406347941E+00   -0.2255157058E+01
          25    0.9528476917E+00   -0.3324556151E+00   -0.1314266183E+00   -0.4004451599E+01    0.3362416898E+01    0.1361769092E+00   -0.3574545730E+01   -0.1713120698E+01
          26   -0.3547153293E+01   -0.3312001726E+00   -0.9656568681E-01    0.3196178060E+01    0.1114606478E+00    0.2215645654E+00   -0.4540733416E-01   -0.5780337660E+01
          27   -0.5174609299E+01   -0.3343695017E+00   -0.1225899433E+00    0.5391746422E+00    0.7000928686E+00    0.1429469864E+00   -0.4938836912E-02   -0.1789071834E+01
          28   -0.4780995934E+01   -0.3337486279E+00   -0.1188052994E+00    0.4190001964E+00    0.9472481042E-01    0.1549752477E+00    0.7914772861E+00   -0.2096958110E+01
          29   -0.4874031203E+01   -0.3359043022E+00   -0.1093180869E+00    0.4444622964E+00    0.5092563569E+00    0.1564266649E+00   -0.2341898500E+00   -0.2176366679E+01
          30   -0.3417134339E+01   -0.3374924625E+00   -0.1162655753E+00    0.3965537619E+00   -0.1274295203E+00    0.1449376015E+00   -0.4571366688E+00   -0.1486327455E+01
          31   -0.5147535016E+01   -0.3337932484E+00   -0.1203036555E+00    0.4785130512E+00    0.1019023651E+00    0.1550837502E+00    0.1060130812E+01   -0.2008619854E+01
          32   -0.4424676141E+01   -0.3354796094E+00   -0.1100304358E+00    0.1465563694E-01    0.3006575085E+00    0.1813305553E+00   -0.7845353200E+00   -0.2085516179E+01
          33   -0.4424676141E+01   -0.3354796094E+00   -0.1100304358E+00    0.1465563694E-01    0.3006575084E+00    0.1813305553E+00   -0.7845353199E+00   -0.2085516179E+01
          34   -0.4424676141E+01   -0.3354796094E+00   -0.1100304358E+00    0.1465563694E-01    0.3006575082E+00    0.1813305553E+00   -0.4838778115E+00   -0.2085516179E+01
          35   -0.4424676141E+01   -0.3354796094E+00   -0.1100304358E+00    0.1465563694E-01    0.7845353197E+00   -0.4838778115E+00    0.1813305553E+00   -0.2085516179E+01
          36   -0.4424676141E+01   -0.3354796094E+00   -0.1100304358E+00    0.1465563694E-01    0.7845353196E+00   -0.4838778114E+00    0.1813305553E+00   -0.2085516179E+01
          37   -0.5870415295E+01   -0.3335524759E+00   -0.1278081993E+00    0.4745223867E+00    0.1539184993E+00    0.1257478238E+01    0.9134341980E+00   -0.1864437307E+01
          38   -0.4106752277E+01   -0.3358873668E+00   -0.1119807129E+00    0.1266296445E-01    0.3138835304E+00    0.1841873692E+00   -0.5016237554E+00   -0.2037669314E+01
          39   -0.3193241401E+01   -0.3348468771E+00   -0.1220584097E+00    0.7372661994E+00    0.1723007241E+01   -0.4467139038E+00    0.2359556758E+00   -0.3887411357E+01
          40   -0.3193241401E+01   -0.3348468771E+00   -0.1220584097E+00    0.7372661993E+00   -0.4467139038E+00    0.1723007241E+01    0.2359556758E+00   -0.3887411357E+01
          41   -0.3890043749E+01   -0.3369976979E+00   -0.1185156161E+00    0.8190444099E+00    0.3174818795E+00   -0.3908634793E+00    0.1811744871E+00   -0.2023634079E+01
          42   -0.3890043749E+01   -0.3369976979E+00   -0.1185156161E+00    0.8190444098E+00    0.3174818795E+00   -0.3908634793E+00    0.1811744871E+00   -0.2023634079E+01
          43   -0.5349823939E+01   -0.3344991808E+00   -0.1262706586E+00    0.4716109651E+00    0.1685739539E+00    0.1190689177E+01    0.9118403837E+00   -0.1951075843E+01
          44   -0.4703595960E+01   -0.3324235596E+00   -0.8950728515E-01    0.2135889204E-01    0.2675270019E+00    0.1356838845E+00    0.1397234868E+00   -0.2225297648E+01
          45   -0.4116933956E+01   -0.3335115908E+00   -0.1294388336E+00    0.4104261782E+00    0.6867556910E-01    0.1752840279E+00   -0.7945645414E+00   -0.2218409057E+01
          46   -0.4116933956E+01   -0.3335115908E+00   -0.1294388336E+00    0.6867556910E-01    0.4104261782E+00    0.1752840279E+00   -0.7945645414E+00   -0.2218409057E+01
          47   -0.4116933956E+01   -0.3335115908E+00   -0.1294388336E+00    0.4104261781E+00    0.6867556911E-01    0.1752840279E+00   -0.3841383632E+00   -0.2218409058E+01
          48   -0.4116933956E+01   -0.3335115908E+00   -0.1294388336E+00    0.7945645412E+00    0.6867556914E-01   -0.3841383632E+00    0.1752840278E+00   -0.2218409058E+01
          49   -0.4116933956E+01   -0.3335115908E+00   -0.1294388336E+00    0.7945645412E+00   -0.3841383631E+00    0.6867556915E-01    0.1752840278E+00   -0.2218409058E+01
          50   -0.3752493535E+01   -0.3304930696E+00   -0.1136463339E+00    0.2588538009E+00    0.2570158362E+01    0.1116568650E+00    0.2230919542E+00   -0.5039806712E+01
          51   -0.3599341520E+01   -0.3320356022E+00   -0.1203504907E+00    0.6405158885E+00    0.9358460538E-01    0.1685570395E+00   -0.6270496376E+00   -0.2719743333E+01
          52   -0.6907140751E+01   -0.3354089481E+00   -0.1286268536E+00    0.8880410621E+00    0.1010006120E+01   -0.1701580063E+01    0.1019125124E+00    0.1422560233E+01
          53   -0.3202137828E+01   -0.3321831975E+00   -0.9456376546E-01   -0.1417945143E+00    0.3741964494E+01    0.2210925705E+00    0.1289674279E-02   -0.5936586038E+01
          54   -0.3564293991E+01   -0.3369320216E+00   -0.1287283413E+00    0.3909633543E+00   -0.6333370454E-01    0.1803464921E+00   -0.5401798829E+00   -0.1778884233E+01
          55   -0.3573891639E+01   -0.3316502240E+00   -0.9557304474E-01    0.3146843964E+01    0.8763052906E-01    0.2203755052E+00   -0.3297756567E-03   -0.5715173015E+01
          56   -0.4360818864E+01   -0.3353380835E+00   -0.9018057681E-01    0.2114797424E-01    0.2551378994E+00    0.1557898803E+00   -0.3837547253E+00   -0.1997744618E+01
          57   -0.3857219850E+01   -0.3366195790E+00   -0.1290898979E+00    0.3827808421E+00   -0.7584621217E-01    0.1751812254E+00   -0.9052533793E+00   -0.1794084375E+01
          58   -0.3857219850E+01   -0.3366195790E+00   -0.1290898979E+00   -0.7584621217E-01    0.3827808421E+00    0.1751812254E+00   -0.9052533792E+00   -0.1794084375E+01
          59   -0.3857219849E+01   -0.3366195790E+00   -0.1290898979E+00    0.3827808420E+00   -0.7584621218E-01    0.1751812254E+00   -0.5224725372E+00   -0.1794084375E+01
          60   -0.3857219849E+01   -0.3366195790E+00   -0.1290898979E+00    0.9052533792E+00   -0.7584621220E-01   -0.5224725372E+00    0.1751812254E+00   -0.1794084375E+01
          61   -0.3857219849E+01   -0.3366195790E+00   -0.1290898979E+00    0.9052533791E+00   -0.5224725372E+00   -0.7584621219E-01    0.1751812254E+00   -0.1794084375E+01
          62   -0.5087239762E+01   -0.3355480499E+00   -0.1263098943E+00    0.3844130376E+00   -0.1953387406E-02    0.1656788627E+00    0.1357071753E+01   -0.1779419615E+01
          63   -0.3952647222E+01   -0.3328205346E+00   -0.8339872757E-01    0.2680807808E+00    0.2749650529E+01    0.6495716944E-01    0.2095344262E+00   -0.5577795745E+01
          64   -0.5500532073E+01   -0.3368132668E+00   -0.1156045321E+00    0.8760818476E+00    0.5663168758E+00    0.1854774239E+00   -0.1092100646E+01   -0.2364232793E+01
          65   -0.5500532073E+01   -0.3368132668E+00   -0.1156045321E+00    0.8760818473E+00    0.5663168757E+00    0.1854774239E+00   -0.1092100646E+01   -0.2364232793E+01
          66   -0.5500532072E+01   -0.3368132668E+00   -0.1156045321E+00    0.8760818469E+00    0.5663168755E+00    0.1854774239E+00   -0.5257837706E+00   -0.2364232793E+01
          67   -0.5500532072E+01   -0.3368132668E+00   -0.1156045321E+00    0.8760818469E+00    0.1092100646E+01   -0.5257837706E+00    0.1854774239E+00   -0.2364232793E+01
          68   -0.5500532072E+01   -0.3368132668E+00   -0.1156045321E+00    0.8760818469E+00    0.1092100646E+01   -0.5257837705E+00    0.1854774239E+00   -0.2364232792E+01
          69   -0.5053735688E+01   -0.3333101171E+00   -0.1188310589E+00    0.3899642772E+00    0.8878425492E-01    0.1511783016E+00    0.7739843814E+00   -0.2167535229E+01
          70   -0.3790835570E+01   -0.3343791016E+00   -0.1331986391E+00    0.4643049610E+00    0.5565620050E-01    0.1854014718E+00   -0.4868750389E+00   -0.2053924653E+01
          71   -0.3025815433E+01   -0.3338107022E+00   -0.1079167522E+00    0.1855760877E-01   -0.1699805429E+01    0.7920391648E+00    0.1480258313E+00   -0.1667075372E+01
          72   -0.4875459761E+01   -0.3364741390E+00   -0.1109975945E+00    0.4638518400E+00    0.7794534181E+00   -0.1894590406E-02    0.1551861152E+00   -0.2008256524E+01
          73   -0.3695618298E+01   -0.3371154346E+00   -0.1156668124E+00    0.3638065816E+00   -0.1346726735E+00    0.1388728057E+00   -0.4270345636E+00   -0.1533171363E+01
          74   -0.5440285997E+01   -0.3332801593E+00   -0.1205475800E+00    0.4459970443E+00    0.9495746190E-01    0.1511403137E+00    0.1024124778E+01   -0.2091769229E+01
          75   -0.4628632587E+01   -0.3370519446E+00   -0.1189031145E+00    0.6177076603E+00    0.5167259615E+00    0.1893333294E+00   -0.5451411496E+00   -0.2200019272E+01
          76   -0.4593296864E+01   -0.3350459049E+00   -0.8809104554E-01    0.2252743959E-01    0.2291247131E+00    0.1526180263E+00   -0.3637661085E+00   -0.2046636522E+01
          77   -0.3850495146E+01   -0.3313524160E+00   -0.8522630921E-01    0.3062979166E-01   -0.7117915428E+00    0.1257549432E+00    0.1335183489E+00   -0.2090669287E+01
          78   -0.2691733831E+01   -0.3362116829E+00   -0.1213138281E+00   -0.1382572350E+01   -0.9256114739E+00    0.1044549448E+01    0.1973942622E+00   -0.2456732199E+01
          79   -0.3393107565E+01   -0.3350260151E+00   -0.1304374029E+00    0.9435422484E+00    0.5784614712E-01   -0.4875735375E+00    0.1862386726E+00   -0.1987728926E+01
          80   -0.3393107565E+01   -0.3350260151E+00   -0.1304374029E+00    0.9435422483E+00   -0.4875735375E+00    0.5784614713E-01    0.1862386726E+00   -0.1987728926E+01
          81   -0.4512169215E+01   -0.3338272489E+00   -0.1094590098E+00    0.6851906243E+00    0.1491061462E+00    0.9754641143E+00   -0.4756344540E+00   -0.2398219011E+01
          82   -0.3674961268E+01   -0.3360863471E+00   -0.1329906662E+00    0.3958470977E+00    0.1871092018E+00   -0.5359076317E+00   -0.2433539076E-03   -0.1861222905E+01
          83   -0.5342820652E+01   -0.3350245302E+00   -0.1266516927E+00    0.3680799832E+00   -0.1895056828E-02    0.1625203823E+00    0.1321761308E+01   -0.1855798429E+01
          84   -0.4536652217E+01   -0.3345471286E+00   -0.6381173956E-01    0.2549647059E-01    0.6697732016E-01    0.1283804911E+00   -0.1941696700E+00   -0.2423561334E+01
          85   -0.3676911114E+01   -0.3360110773E+00   -0.1329015273E+00    0.3979118614E+00    0.1859366989E+00   -0.5340903784E+00   -0.3399335699E-03   -0.1854875885E+01
          86   -0.4180180742E+01   -0.3359118632E+00   -0.1271752873E+00    0.3912107936E+00    0.1828562472E+00    0.4508262082E+00   -0.3964591365E+00   -0.1982440890E+01
          87   -0.4037117538E+01   -0.3325606615E+00   -0.9136615172E-01    0.2618756784E+01    0.6150308172E-01    0.2105961131E+00    0.4602150755E+00   -0.5301334569E+01
          88   -0.4435104747E+01   -0.3347159403E+00   -0.7124727372E-01    0.2200761709E-01    0.7252754242E-01    0.1381808853E+00   -0.2252476241E+00   -0.2476899834E+01
          89   -0.4993043736E+01   -0.3345611234E+00   -0.6642611296E-01    0.2152175100E-01    0.8463286606E-01    0.1249107744E+00    0.4631165528E+00   -0.2439234456E+01
          90   -0.4059609746E+01   -0.3315562426E+00   -0.1367898176E+00    0.5471196489E-01    0.4175926841E+00    0.3039364252E+01    0.2188885088E+00   -0.5800576577E+01
          91   -0.3875904716E+01   -0.3364757406E+00   -0.1246889504E+00    0.7729472305E+00   -0.3916191868E+00    0.1831971530E+00    0.4676065647E+00   -0.1926268835E+01
          92   -0.3875904716E+01   -0.3364757406E+00   -0.1246889504E+00    0.7729472305E+00   -0.3916191867E+00    0.1831971530E+00    0.4676065648E+00   -0.1926268835E+01
          93   -0.3583490367E+01   -0.3344810709E+00   -0.1257957530E+00    0.3119974422E+00    0.1288989311E+01    0.2207374318E+00   -0.4466838451E+00   -0.3451777753E+01
          94   -0.4655619586E+01   -0.3350319537E+00   -0.1188178128E+00    0.4950620151E+00    0.6587119555E+00    0.1416856453E+00   -0.4728337571E-02   -0.1721583222E+01
          95   -0.3566012085E+01   -0.3315617892E+00   -0.9570177984E-01    0.3139979873E+01    0.8269858519E-01    0.2190140236E+00   -0.4157339527E-03   -0.5698854672E+01
          96   -0.5594476363E+01   -0.3339943813E+00   -0.1253841772E+00    0.4295349979E+00    0.1627723758E+00    0.1137807268E+01    0.8233471328E+00   -0.2037990592E+01
          97   -0.4418221411E+01   -0.3345281298E+00   -0.9957555869E-01    0.2605328378E+00    0.5044265223E+00    0.2292479297E+01    0.2152808841E+00   -0.4650137208E+01
          98   -0.3577223005E+01   -0.3347462502E+00   -0.1389630756E+00    0.4330632879E+00    0.1848916786E+00   -0.5128081925E+00   -0.2258929580E-02   -0.1823681607E+01
          99   -0.3428632674E+01   -0.3322598789E+00   -0.1262884220E+00    0.6202192636E+00    0.1792432758E+00    0.8913995625E-03   -0.7807242843E+00   -0.2638881320E+01
         100   -0.3973097664E+01   -0.3355765001E+00   -0.1329607416E+00    0.3736641396E+00    0.1817836228E+00   -0.8850511986E+00   -0.2703901111E-03   -0.1914757122E+01
