     Index              y_true              y_pred        descriptor_1        descriptor_2        descriptor_3
         1   -0.8985891273E+01   -0.8049460605E+01    0.7736345414E+01    0.1577500000E+02    0.4000000000E+00
         2   -0.7809284746E+01   -0.7408211813E+01    0.5802259061E+01    0.1595000000E+02    0.4000000000E+00
         3   -0.7302604832E+01   -0.6889451920E+01    0.4641807249E+01    0.1442500000E+02    0.4000000000E+00
         4   -0.9700727949E+01   -0.9268649438E+01    0.1160451812E+02    0.9800000000E+01    0.1000000000E+00
         5   -0.8429105394E+01   -0.7940933548E+01    0.7736345414E+01    0.9600000000E+01    0.1000000000E+00
         6   -0.7513851567E+01   -0.7235968052E+01    0.5802259061E+01    0.9000000000E+01    0.1000000000E+00
         7   -0.7072573084E+01   -0.6743928068E+01    0.4641807249E+01    0.7800000000E+01    0.1000000000E+00
         8   -0.8486802696E+01   -0.8602668710E+01    0.1160451812E+02    0.1302777778E+02    0.8000000000E+00
         9   -0.7325354407E+01   -0.7228973263E+01    0.7736345414E+01    0.1226851852E+02    0.8000000000E+00
        10   -0.6756079115E+01   -0.6537558033E+01    0.5802259061E+01    0.1183333333E+02    0.8000000000E+00
        11   -0.6331933408E+01   -0.6087843602E+01    0.4641807249E+01    0.1114814815E+02    0.8000000000E+00
        12   -0.9707014929E+01   -0.9225409286E+01    0.1160451812E+02    0.1035294118E+02    0.1666666667E+00
        13   -0.8477089695E+01   -0.7802904219E+01    0.7736345414E+01    0.9000000000E+01    0.1666666667E+00
        14   -0.7349046134E+01   -0.7123086872E+01    0.5802259061E+01    0.8705882353E+01    0.1666666667E+00
        15   -0.6699618894E+01   -0.6700687916E+01    0.4641807249E+01    0.8352941176E+01    0.1666666667E+00
        16   -0.1058465083E+02   -0.9966394817E+01    0.1160451812E+02    0.2360416667E+02    0.4285714286E+00
        17   -0.8737992617E+01   -0.8535224922E+01    0.7736345414E+01    0.2214583333E+02    0.4285714286E+00
        18   -0.7857762062E+01   -0.7788809312E+01    0.5802259061E+01    0.2104166667E+02    0.4285714286E+00
        19   -0.7314008898E+01   -0.7344043012E+01    0.4641807249E+01    0.2041666667E+02    0.4285714286E+00
        20   -0.7882446078E+01   -0.8570581982E+01    0.1160451812E+02    0.1263750000E+02    0.8000000000E+00
        21   -0.6997385282E+01   -0.7182232454E+01    0.7736345414E+01    0.1170000000E+02    0.8000000000E+00
        22   -0.6447065451E+01   -0.6525568331E+01    0.5802259061E+01    0.1168750000E+02    0.8000000000E+00
        23   -0.6099512226E+01   -0.6076691276E+01    0.4641807249E+01    0.1101250000E+02    0.8000000000E+00
        24   -0.9300845116E+01   -0.8426002656E+01    0.7736345414E+01    0.1550000000E+02    0.1000000000E+00
        25   -0.8402229237E+01   -0.7671708098E+01    0.5802259061E+01    0.1430000000E+02    0.1000000000E+00
        26   -0.7647259536E+01   -0.7335876809E+01    0.4641807249E+01    0.1500000000E+02    0.1000000000E+00
        27   -0.8937083342E+01   -0.9219320376E+01    0.1160451812E+02    0.9200000000E+01    0.1000000000E+00
        28   -0.7476134100E+01   -0.7809389384E+01    0.7736345414E+01    0.8000000000E+01    0.1000000000E+00
        29   -0.6439419039E+01   -0.7153752949E+01    0.5802259061E+01    0.8000000000E+01    0.1000000000E+00
        30   -0.6044958999E+01   -0.6785035619E+01    0.4641807249E+01    0.8300000000E+01    0.1000000000E+00
        31   -0.7890577984E+01   -0.9211098866E+01    0.1160451812E+02    0.9100000000E+01    0.1000000000E+00
        32   -0.7318463659E+01   -0.7866939956E+01    0.7736345414E+01    0.8700000000E+01    0.1000000000E+00
        33   -0.6821893963E+01   -0.7203082011E+01    0.5802259061E+01    0.8600000000E+01    0.1000000000E+00
        34   -0.6394894827E+01   -0.6752149578E+01    0.4641807249E+01    0.7900000000E+01    0.1000000000E+00
        35   -0.8886107735E+01   -0.9114637305E+01    0.1160451812E+02    0.1440000000E+02    0.5000000000E+00
        36   -0.7674632534E+01   -0.7768423018E+01    0.7736345414E+01    0.1397500000E+02    0.5000000000E+00
        37   -0.7016636987E+01   -0.7106620451E+01    0.5802259061E+01    0.1390000000E+02    0.5000000000E+00
        38   -0.6543344831E+01   -0.6622801977E+01    0.4641807249E+01    0.1280000000E+02    0.5000000000E+00
        39   -0.1035408707E+02   -0.1011070834E+02    0.1160451812E+02    0.2546000000E+02    0.4347826087E+00
        40   -0.8535681043E+01   -0.8639938176E+01    0.7736345414E+01    0.2352000000E+02    0.4347826087E+00
        41   -0.7794834356E+01   -0.7967858721E+01    0.5802259061E+01    0.2332000000E+02    0.4347826087E+00
        42   -0.7220717280E+01   -0.7539946517E+01    0.4641807249E+01    0.2290000000E+02    0.4347826087E+00
        43   -0.9404947488E+01   -0.9452744316E+01    0.1160451812E+02    0.1446666667E+02    0.2500000000E+00
        44   -0.7915852959E+01   -0.8097623392E+01    0.7736345414E+01    0.1393333333E+02    0.2500000000E+00
        45   -0.7339019850E+01   -0.7381695882E+01    0.5802259061E+01    0.1320000000E+02    0.2500000000E+00
        46   -0.6872577825E+01   -0.6947206470E+01    0.4641807249E+01    0.1270000000E+02    0.2500000000E+00
        47   -0.9964320946E+01   -0.9282057152E+01    0.1160451812E+02    0.1643636364E+02    0.5000000000E+00
        48   -0.8250322175E+01   -0.8000680684E+01    0.7736345414E+01    0.1680000000E+02    0.5000000000E+00
        49   -0.7579014753E+01   -0.7331590869E+01    0.5802259061E+01    0.1663636364E+02    0.5000000000E+00
        50   -0.7058814476E+01   -0.6805170023E+01    0.4641807249E+01    0.1501818182E+02    0.5000000000E+00
        51   -0.8257174368E+01   -0.8731507739E+01    0.1160451812E+02    0.1378571429E+02    0.7500000000E+00
        52   -0.7336286271E+01   -0.7426107377E+01    0.7736345414E+01    0.1385714286E+02    0.7500000000E+00
        53   -0.6807875284E+01   -0.6717618376E+01    0.5802259061E+01    0.1321428571E+02    0.7500000000E+00
        54   -0.6373681617E+01   -0.6264532691E+01    0.4641807249E+01    0.1248809524E+02    0.7500000000E+00
        55   -0.7838608532E+01   -0.8534808625E+01    0.1160451812E+02    0.1220238095E+02    0.8000000000E+00
        56   -0.6968753939E+01   -0.7198088224E+01    0.7736345414E+01    0.1189285714E+02    0.8000000000E+00
        57   -0.6538576426E+01   -0.6473939204E+01    0.5802259061E+01    0.1105952381E+02    0.8000000000E+00
        58   -0.6196685620E+01   -0.6070769831E+01    0.4641807249E+01    0.1094047619E+02    0.8000000000E+00
        59   -0.8066179676E+01   -0.8810816470E+01    0.1160451812E+02    0.1555952381E+02    0.8000000000E+00
        60   -0.7201876841E+01   -0.7467244811E+01    0.7736345414E+01    0.1516666667E+02    0.8000000000E+00
        61   -0.6681814603E+01   -0.6771479576E+01    0.5802259061E+01    0.1467857143E+02    0.8000000000E+00
        62   -0.6312355997E+01   -0.6372225208E+01    0.4641807249E+01    0.1460714286E+02    0.8000000000E+00
        63   -0.8814767363E+01   -0.8757934022E+01    0.1160451812E+02    0.1410714286E+02    0.7500000000E+00
        64   -0.7604099765E+01   -0.7402617347E+01    0.7736345414E+01    0.1357142857E+02    0.7500000000E+00
        65   -0.6948301999E+01   -0.6696085849E+01    0.5802259061E+01    0.1295238095E+02    0.7500000000E+00
        66   -0.6518686119E+01   -0.6286065218E+01    0.4641807249E+01    0.1275000000E+02    0.7500000000E+00
        67   -0.7998266669E+01   -0.8733495124E+01    0.1160451812E+02    0.1461904762E+02    0.8000000000E+00
        68   -0.7064817594E+01   -0.7415370996E+01    0.7736345414E+01    0.1453571429E+02    0.8000000000E+00
        69   -0.6609165537E+01   -0.6701988239E+01    0.5802259061E+01    0.1383333333E+02    0.8000000000E+00
        70   -0.6191707090E+01   -0.6257711315E+01    0.4641807249E+01    0.1321428571E+02    0.8000000000E+00
        71   -0.8498677176E+01   -0.8763836412E+01    0.1160451812E+02    0.1498809524E+02    0.8000000000E+00
        72   -0.7417949102E+01   -0.7438861025E+01    0.7736345414E+01    0.1482142857E+02    0.8000000000E+00
        73   -0.6817227608E+01   -0.6756798308E+01    0.5802259061E+01    0.1450000000E+02    0.8000000000E+00
        74   -0.6427985928E+01   -0.6322308896E+01    0.4641807249E+01    0.1400000000E+02    0.8000000000E+00
        75   -0.8859097756E+01   -0.8634641250E+01    0.1160451812E+02    0.1341666667E+02    0.8000000000E+00
        76   -0.7544220281E+01   -0.7278345825E+01    0.7736345414E+01    0.1286904762E+02    0.8000000000E+00
        77   -0.6838705916E+01   -0.6609006873E+01    0.5802259061E+01    0.1270238095E+02    0.8000000000E+00
        78   -0.6390182052E+01   -0.6153963685E+01    0.4641807249E+01    0.1195238095E+02    0.8000000000E+00
        79   -0.8114065145E+01   -0.8710005094E+01    0.1160451812E+02    0.1433333333E+02    0.8000000000E+00
        80   -0.7035634333E+01   -0.7353709669E+01    0.7736345414E+01    0.1378571429E+02    0.8000000000E+00
        81   -0.6552085430E+01   -0.6640326912E+01    0.5802259061E+01    0.1308333333E+02    0.8000000000E+00
        82   -0.6133278189E+01   -0.6210731256E+01    0.4641807249E+01    0.1264285714E+02    0.8000000000E+00
        83   -0.8373248704E+01   -0.8664982538E+01    0.1160451812E+02    0.1378571429E+02    0.8000000000E+00
        84   -0.7327403798E+01   -0.7312602118E+01    0.7736345414E+01    0.1328571429E+02    0.8000000000E+00
        85   -0.6780141083E+01   -0.6596283107E+01    0.5802259061E+01    0.1254761905E+02    0.8000000000E+00
        86   -0.6347637274E+01   -0.6163751197E+01    0.4641807249E+01    0.1207142857E+02    0.8000000000E+00
        87   -0.9669969206E+01   -0.9688878178E+01    0.1160451812E+02    0.2138461538E+02    0.5000000000E+00
        88   -0.8171686177E+01   -0.8298552326E+01    0.7736345414E+01    0.2042307692E+02    0.5000000000E+00
        89   -0.7504977923E+01   -0.7611294698E+01    0.5802259061E+01    0.2003846154E+02    0.5000000000E+00
        90   -0.7004644775E+01   -0.7170481047E+01    0.4641807249E+01    0.1946153846E+02    0.5000000000E+00
        91   -0.8788187942E+01   -0.9038626445E+01    0.1160451812E+02    0.1185714286E+02    0.4000000000E+00
        92   -0.7549831850E+01   -0.7674501010E+01    0.7736345414E+01    0.1121428571E+02    0.4000000000E+00
        93   -0.7051707523E+01   -0.6979714527E+01    0.5802259061E+01    0.1073809524E+02    0.4000000000E+00
        94   -0.6689903384E+01   -0.6570672646E+01    0.4641807249E+01    0.1054761905E+02    0.4000000000E+00
        95   -0.8882908159E+01   -0.9052328962E+01    0.1160451812E+02    0.1202380952E+02    0.4000000000E+00
        96   -0.7703309120E+01   -0.7731268581E+01    0.7736345414E+01    0.1190476190E+02    0.4000000000E+00
        97   -0.6963189662E+01   -0.6971884517E+01    0.5802259061E+01    0.1064285714E+02    0.4000000000E+00
        98   -0.6649709480E+01   -0.6566757641E+01    0.4641807249E+01    0.1050000000E+02    0.4000000000E+00
        99   -0.8870992275E+01   -0.9059729362E+01    0.1160451812E+02    0.1373214286E+02    0.5000000000E+00
       100   -0.7682920433E+01   -0.7672113897E+01    0.7736345414E+01    0.1280357143E+02    0.5000000000E+00
       101   -0.7056175708E+01   -0.6995923687E+01    0.5802259061E+01    0.1255357143E+02    0.5000000000E+00
       102   -0.6585778742E+01   -0.6549689260E+01    0.4641807249E+01    0.1191071429E+02    0.5000000000E+00
       103   -0.8498823453E+01   -0.8884299032E+01    0.1160451812E+02    0.1321666667E+02    0.6000000000E+00
       104   -0.7312889042E+01   -0.7482589550E+01    0.7736345414E+01    0.1211666667E+02    0.6000000000E+00
       105   -0.6728360334E+01   -0.6822842361E+01    0.5802259061E+01    0.1206666667E+02    0.6000000000E+00
       106   -0.6314703278E+01   -0.6347245397E+01    0.4641807249E+01    0.1106666667E+02    0.6000000000E+00
       107   -0.9832829668E+01   -0.8867856012E+01    0.1160451812E+02    0.1301666667E+02    0.6000000000E+00
       108   -0.7990853830E+01   -0.7552472388E+01    0.7736345414E+01    0.1296666667E+02    0.6000000000E+00
       109   -0.7156951524E+01   -0.6778994305E+01    0.5802259061E+01    0.1153333333E+02    0.6000000000E+00
       110   -0.6769534611E+01   -0.6389723200E+01    0.4641807249E+01    0.1158333333E+02    0.6000000000E+00
       111   -0.8796708040E+01   -0.8837917572E+01    0.1160451812E+02    0.1508000000E+02    0.7500000000E+00
       112   -0.7631360842E+01   -0.7495951065E+01    0.7736345414E+01    0.1470666667E+02    0.7500000000E+00
       113   -0.6898200274E+01   -0.6761388131E+01    0.5802259061E+01    0.1374666667E+02    0.7500000000E+00
       114   -0.6507269748E+01   -0.6351563250E+01    0.4641807249E+01    0.1354666667E+02    0.7500000000E+00
       115   -0.9209115123E+01   -0.8773241690E+01    0.1160451812E+02    0.1429333333E+02    0.7500000000E+00
       116   -0.7699190047E+01   -0.7402773947E+01    0.7736345414E+01    0.1357333333E+02    0.7500000000E+00
       117   -0.6976562632E+01   -0.6714251472E+01    0.5802259061E+01    0.1317333333E+02    0.7500000000E+00
       118   -0.6518026947E+01   -0.6263867140E+01    0.4641807249E+01    0.1248000000E+02    0.7500000000E+00
       119   -0.9185977570E+01   -0.8749125261E+01    0.1160451812E+02    0.1400000000E+02    0.7500000000E+00
       120   -0.7662536403E+01   -0.7411543559E+01    0.7736345414E+01    0.1368000000E+02    0.7500000000E+00
       121   -0.6968416208E+01   -0.6716443875E+01    0.5802259061E+01    0.1320000000E+02    0.7500000000E+00
       122   -0.6533169192E+01   -0.6294560778E+01    0.4641807249E+01    0.1285333333E+02    0.7500000000E+00
       123   -0.9189391343E+01   -0.9440621228E+01    0.1160451812E+02    0.1998333333E+02    0.6000000000E+00
       124   -0.7786104000E+01   -0.8001914950E+01    0.7736345414E+01    0.1843333333E+02    0.6000000000E+00
       125   -0.7249148162E+01   -0.7347648768E+01    0.5802259061E+01    0.1845000000E+02    0.6000000000E+00
       126   -0.6809951665E+01   -0.6914529607E+01    0.4641807249E+01    0.1796666667E+02    0.6000000000E+00
       127   -0.9081007405E+01   -0.8732682240E+01    0.1160451812E+02    0.1380000000E+02    0.7500000000E+00
       128   -0.7641392634E+01   -0.7369887906E+01    0.7736345414E+01    0.1317333333E+02    0.7500000000E+00
       129   -0.6939259259E+01   -0.6701097055E+01    0.5802259061E+01    0.1301333333E+02    0.7500000000E+00
       130   -0.6465216890E+01   -0.6247424119E+01    0.4641807249E+01    0.1228000000E+02    0.7500000000E+00
       131   -0.8800885899E+01   -0.8777626496E+01    0.1160451812E+02    0.1434666667E+02    0.7500000000E+00
       132   -0.7607668296E+01   -0.7422505572E+01    0.7736345414E+01    0.1381333333E+02    0.7500000000E+00
       133   -0.6924314021E+01   -0.6723021083E+01    0.5802259061E+01    0.1328000000E+02    0.7500000000E+00
       134   -0.6509957557E+01   -0.6326350618E+01    0.4641807249E+01    0.1324000000E+02    0.7500000000E+00
       135   -0.7981166889E+01   -0.8710347657E+01    0.1160451812E+02    0.1433750000E+02    0.8000000000E+00
       136   -0.7061834978E+01   -0.7358994925E+01    0.7736345414E+01    0.1385000000E+02    0.8000000000E+00
       137   -0.6461672741E+01   -0.6629364898E+01    0.5802259061E+01    0.1295000000E+02    0.8000000000E+00
       138   -0.6244505041E+01   -0.6278118278E+01    0.4641807249E+01    0.1346250000E+02    0.8000000000E+00
       139   -0.8231107142E+01   -0.8802839648E+01    0.1160451812E+02    0.1546250000E+02    0.8000000000E+00
       140   -0.7216520310E+01   -0.7403185543E+01    0.7736345414E+01    0.1438750000E+02    0.8000000000E+00
       141   -0.6663088151E+01   -0.6762964441E+01    0.5802259061E+01    0.1457500000E+02    0.8000000000E+00
       142   -0.6340609399E+01   -0.6332585784E+01    0.4641807249E+01    0.1412500000E+02    0.8000000000E+00
       143   -0.8228729799E+01   -0.8834698000E+01    0.1160451812E+02    0.1585000000E+02    0.8000000000E+00
       144   -0.7247450203E+01   -0.7477179136E+01    0.7736345414E+01    0.1528750000E+02    0.8000000000E+00
       145   -0.6652501465E+01   -0.6743438354E+01    0.5802259061E+01    0.1433750000E+02    0.8000000000E+00
       146   -0.6236691911E+01   -0.6320253518E+01    0.4641807249E+01    0.1397500000E+02    0.8000000000E+00
       147   -0.9487380604E+01   -0.9354359237E+01    0.1160451812E+02    0.1731578947E+02    0.5000000000E+00
       148   -0.8221768049E+01   -0.8030105037E+01    0.7736345414E+01    0.1715789474E+02    0.5000000000E+00
       149   -0.7450361430E+01   -0.7338409347E+01    0.5802259061E+01    0.1671929825E+02    0.5000000000E+00
       150   -0.7016113171E+01   -0.6923391932E+01    0.4641807249E+01    0.1645614035E+02    0.5000000000E+00
       151   -0.8752368839E+01   -0.9518767304E+01    0.1160451812E+02    0.1497368421E+02    0.2317073171E+00
       152   -0.7713498198E+01   -0.8159896217E+01    0.7736345414E+01    0.1439473684E+02    0.2317073171E+00
       153   -0.7094603908E+01   -0.7480460674E+01    0.5802259061E+01    0.1410526316E+02    0.2317073171E+00
       154   -0.6699313268E+01   -0.7002700155E+01    0.4641807249E+01    0.1307894737E+02    0.2317073171E+00
       155   -0.9019953097E+01   -0.8917551167E+01    0.1160451812E+02    0.1470000000E+02    0.6666666667E+00
       156   -0.7624860987E+01   -0.7584696834E+01    0.7736345414E+01    0.1443750000E+02    0.6666666667E+00
       157   -0.6993737985E+01   -0.6877675960E+01    0.5802259061E+01    0.1381250000E+02    0.6666666667E+00
       158   -0.6554757487E+01   -0.6474017211E+01    0.4641807249E+01    0.1368750000E+02    0.6666666667E+00
       159   -0.8112079145E+01   -0.8635326376E+01    0.1160451812E+02    0.1342500000E+02    0.8000000000E+00
       160   -0.7182816003E+01   -0.7291167466E+01    0.7736345414E+01    0.1302500000E+02    0.8000000000E+00
       161   -0.6702375534E+01   -0.6590312724E+01    0.5802259061E+01    0.1247500000E+02    0.8000000000E+00
       162   -0.6239370676E+01   -0.6146574113E+01    0.4641807249E+01    0.1186250000E+02    0.8000000000E+00
       163   -0.9251828213E+01   -0.9427636463E+01    0.1160451812E+02    0.1982539683E+02    0.6000000000E+00
       164   -0.8040126440E+01   -0.8047198507E+01    0.7736345414E+01    0.1898412698E+02    0.6000000000E+00
       165   -0.7188974415E+01   -0.7305431965E+01    0.5802259061E+01    0.1793650794E+02    0.6000000000E+00
       166   -0.6803424363E+01   -0.6899000088E+01    0.4641807249E+01    0.1777777778E+02    0.6000000000E+00
       167   -0.9597719030E+01   -0.9119656077E+01    0.1160451812E+02    0.1607936508E+02    0.6000000000E+00
       168   -0.8104813378E+01   -0.7784893178E+01    0.7736345414E+01    0.1579365079E+02    0.6000000000E+00
       169   -0.7262940904E+01   -0.7114901726E+01    0.5802259061E+01    0.1561904762E+02    0.6000000000E+00
       170   -0.6845962963E+01   -0.6686284821E+01    0.4641807249E+01    0.1519047619E+02    0.6000000000E+00
       171   -0.8262879709E+01   -0.8621345505E+01    0.1160451812E+02    0.1396296296E+02    0.8437500000E+00
       172   -0.7383404575E+01   -0.7250695062E+01    0.7736345414E+01    0.1324074074E+02    0.8437500000E+00
       173   -0.6696738723E+01   -0.6525023540E+01    0.5802259061E+01    0.1238888889E+02    0.8437500000E+00
       174   -0.6323207465E+01   -0.6146866698E+01    0.4641807249E+01    0.1257407407E+02    0.8437500000E+00
       175   -0.8005881486E+01   -0.8634641250E+01    0.1160451812E+02    0.1341666667E+02    0.8000000000E+00
       176   -0.7201069315E+01   -0.7295963346E+01    0.7736345414E+01    0.1308333333E+02    0.8000000000E+00
       177   -0.6650704413E+01   -0.6589431848E+01    0.5802259061E+01    0.1246428571E+02    0.8000000000E+00
       178   -0.6304010513E+01   -0.6163751197E+01    0.4641807249E+01    0.1207142857E+02    0.8000000000E+00
       179   -0.9117447657E+01   -0.8974584490E+01    0.7736345414E+01    0.2460000000E+02    0.2500000000E+00
       180   -0.7906094813E+01   -0.8306615790E+01    0.5802259061E+01    0.2445000000E+02    0.2500000000E+00
       181   -0.7575282667E+01   -0.7773468255E+01    0.4641807249E+01    0.2275000000E+02    0.2500000000E+00
       182   -0.1123586207E+02   -0.8980717826E+01    0.7736345414E+01    0.2210000000E+02    0.9090909091E-01
       183   -0.9368553292E+01   -0.8325081392E+01    0.5802259061E+01    0.2210000000E+02    0.9090909091E-01
       184   -0.7839101782E+01   -0.7882370469E+01    0.4641807249E+01    0.2150000000E+02    0.9090909091E-01
       185   -0.1083327394E+02   -0.1005628749E+02    0.1160451812E+02    0.2180769231E+02    0.2500000000E+00
       186   -0.8924123623E+01   -0.8672285881E+01    0.7736345414E+01    0.2092307692E+02    0.2500000000E+00
       187   -0.8269525237E+01   -0.8032460044E+01    0.5802259061E+01    0.2111538462E+02    0.2500000000E+00
       188   -0.7467661734E+01   -0.7575835796E+01    0.4641807249E+01    0.2034615385E+02    0.2500000000E+00
       189   -0.1017717205E+02   -0.1013824375E+02    0.1160451812E+02    0.2030000000E+02    0.9523809524E-01
       190   -0.9121209243E+01   -0.8794084842E+01    0.7736345414E+01    0.1990000000E+02    0.9523809524E-01
       191   -0.7713197631E+01   -0.8097340856E+01    0.5802259061E+01    0.1940000000E+02    0.9523809524E-01
       192   -0.7244152358E+01   -0.7564193320E+01    0.4641807249E+01    0.1770000000E+02    0.9523809524E-01
       193   -0.1099432812E+02   -0.9355562290E+01    0.7736345414E+01    0.2750000000E+02    0.1428571429E+00
       194   -0.8231163859E+01   -0.8576603202E+01    0.5802259061E+01    0.2600000000E+02    0.1428571429E+00
       195   -0.7518007945E+01   -0.8011939877E+01    0.4641807249E+01    0.2391666667E+02    0.1428571429E+00
       196   -0.1099237132E+02   -0.1031463265E+02    0.1160451812E+02    0.2495000000E+02    0.2500000000E+00
       197   -0.8716010051E+01   -0.8912923163E+01    0.7736345414E+01    0.2385000000E+02    0.2500000000E+00
       198   -0.8118851058E+01   -0.8244954463E+01    0.5802259061E+01    0.2370000000E+02    0.2500000000E+00
       199   -0.7426730353E+01   -0.7789911275E+01    0.4641807249E+01    0.2295000000E+02    0.2500000000E+00
       200   -0.1130827995E+02   -0.1063257887E+02    0.1160451812E+02    0.2708333333E+02    0.1428571429E+00
       201   -0.9676956146E+01   -0.9376116066E+01    0.7736345414E+01    0.2775000000E+02    0.1428571429E+00
       202   -0.8065547352E+01   -0.8494388099E+01    0.5802259061E+01    0.2500000000E+02    0.1428571429E+00
       203   -0.7388649354E+01   -0.8018791135E+01    0.4641807249E+01    0.2400000000E+02    0.1428571429E+00
       204   -0.9862453101E+01   -0.1012081678E+02    0.1160451812E+02    0.2394117647E+02    0.3333333333E+00
       205   -0.9059778696E+01   -0.8790199181E+01    0.7736345414E+01    0.2370588235E+02    0.3333333333E+00
       206   -0.7849026953E+01   -0.8064438101E+01    0.5802259061E+01    0.2285294118E+02    0.3333333333E+00
       207   -0.7394169305E+01   -0.7651711510E+01    0.4641807249E+01    0.2261764706E+02    0.3333333333E+00
       208   -0.1027427011E+02   -0.9083572085E+01    0.7736345414E+01    0.2358333333E+02    0.1052631579E+00
       209   -0.8801663760E+01   -0.8338869289E+01    0.5802259061E+01    0.2250000000E+02    0.1052631579E+00
       210   -0.7887276854E+01   -0.7993446238E+01    0.4641807249E+01    0.2308333333E+02    0.1052631579E+00
       211   -0.8244148094E+01   -0.9083674037E+01    0.1160451812E+02    0.1672058824E+02    0.6666666667E+00
       212   -0.7328130695E+01   -0.7739756936E+01    0.7736345414E+01    0.1632352941E+02    0.6666666667E+00
       213   -0.6863905776E+01   -0.7093792867E+01    0.5802259061E+01    0.1644117647E+02    0.6666666667E+00
       214   -0.6540193235E+01   -0.6668975819E+01    0.4641807249E+01    0.1605882353E+02    0.6666666667E+00
       215   -0.9684244398E+01   -0.9139294266E+01    0.7736345414E+01    0.2550000000E+02    0.1818181818E+00
       216   -0.8023093774E+01   -0.8477785324E+01    0.5802259061E+01    0.2542857143E+02    0.1818181818E+00
       217   -0.7486205960E+01   -0.7972825823E+01    0.4641807249E+01    0.2407142857E+02    0.1818181818E+00
       218   -0.9042304539E+01   -0.9369120610E+01    0.1160451812E+02    0.1300000000E+02    0.2222222222E+00
       219   -0.8151459353E+01   -0.8020165819E+01    0.7736345414E+01    0.1254166667E+02    0.2222222222E+00
       220   -0.7147346225E+01   -0.7337124350E+01    0.5802259061E+01    0.1220833333E+02    0.2222222222E+00
       221   -0.6919992044E+01   -0.6919763085E+01    0.4641807249E+01    0.1191666667E+02    0.2222222222E+00
       222   -0.8670368847E+01   -0.8751509721E+01    0.7736345414E+01    0.2323529412E+02    0.3333333333E+00
       223   -0.7867160475E+01   -0.8071692374E+01    0.5802259061E+01    0.2294117647E+02    0.3333333333E+00
       224   -0.7311195888E+01   -0.7610603958E+01    0.4641807249E+01    0.2211764706E+02    0.3333333333E+00
       225   -0.8309664114E+01   -0.8688857757E+01    0.7736345414E+01    0.2786764706E+02    0.6666666667E+00
       226   -0.7629898202E+01   -0.7947379082E+01    0.5802259061E+01    0.2682352941E+02    0.6666666667E+00
       227   -0.7129705543E+01   -0.7399239381E+01    0.4641807249E+01    0.2494117647E+02    0.6666666667E+00
       228   -0.8975723689E+01   -0.8977278021E+01    0.1160451812E+02    0.1542647059E+02    0.6666666667E+00
       229   -0.7749549811E+01   -0.7664796107E+01    0.7736345414E+01    0.1541176471E+02    0.6666666667E+00
       230   -0.7153425793E+01   -0.6994651125E+01    0.5802259061E+01    0.1523529412E+02    0.6666666667E+00
       231   -0.6759493735E+01   -0.6566206941E+01    0.4641807249E+01    0.1480882353E+02    0.6666666667E+00
       232   -0.1055122552E+02   -0.1018368715E+02    0.1160451812E+02    0.2470588235E+02    0.3333333333E+00
       233   -0.1056159583E+02   -0.8911103745E+01    0.7736345414E+01    0.2517647059E+02    0.3333333333E+00
       234   -0.7695487023E+01   -0.8069274283E+01    0.5802259061E+01    0.2291176471E+02    0.3333333333E+00
       235   -0.7225412690E+01   -0.7588841137E+01    0.4641807249E+01    0.2185294118E+02    0.3333333333E+00
       236   -0.9171234088E+01   -0.9073529754E+01    0.1160451812E+02    0.1390000000E+02    0.5000000000E+00
       237   -0.7705159140E+01   -0.7678397480E+01    0.7736345414E+01    0.1288000000E+02    0.5000000000E+00
       238   -0.6990549343E+01   -0.6988230702E+01    0.5802259061E+01    0.1246000000E+02    0.5000000000E+00
       239   -0.6708244966E+01   -0.6499479322E+01    0.4641807249E+01    0.1130000000E+02    0.5000000000E+00
       240   -0.8916748050E+01   -0.8937052683E+01    0.1160451812E+02    0.1224000000E+02    0.5000000000E+00
       241   -0.7519883736E+01   -0.7579739357E+01    0.7736345414E+01    0.1168000000E+02    0.5000000000E+00
       242   -0.6984319527E+01   -0.6899438391E+01    0.5802259061E+01    0.1138000000E+02    0.5000000000E+00
       243   -0.6550700327E+01   -0.6446861656E+01    0.4641807249E+01    0.1066000000E+02    0.5000000000E+00
       244   -0.1023424694E+02   -0.9734812192E+01    0.1160451812E+02    0.2032500000E+02    0.4000000000E+00
       245   -0.8429125539E+01   -0.8316659689E+01    0.7736345414E+01    0.1902500000E+02    0.4000000000E+00
       246   -0.7781706129E+01   -0.7710352317E+01    0.5802259061E+01    0.1962500000E+02    0.4000000000E+00
       247   -0.7283250941E+01   -0.7220367710E+01    0.4641807249E+01    0.1845000000E+02    0.4000000000E+00
       248   -0.8625193299E+01   -0.8650835701E+01    0.1160451812E+02    0.1145588235E+02    0.6666666667E+00
       249   -0.7625517950E+01   -0.7287573870E+01    0.7736345414E+01    0.1082352941E+02    0.6666666667E+00
       250   -0.7002480550E+01   -0.6589620838E+01    0.5802259061E+01    0.1030882353E+02    0.6666666667E+00
       251   -0.6572007305E+01   -0.6129741468E+01    0.4641807249E+01    0.9500000000E+01    0.6666666667E+00
       252   -0.9555894525E+01   -0.9108916982E+01    0.7736345414E+01    0.2450000000E+02    0.1428571429E+00
       253   -0.8350148991E+01   -0.8329957893E+01    0.5802259061E+01    0.2300000000E+02    0.1428571429E+00
       254   -0.7975765814E+01   -0.7874914705E+01    0.4641807249E+01    0.2225000000E+02    0.1428571429E+00
       255   -0.1213949870E+02   -0.1033797475E+02    0.1160451812E+02    0.2350000000E+02    0.1428571429E+00
       256   -0.9270123286E+01   -0.9036978766E+01    0.7736345414E+01    0.2362500000E+02    0.1428571429E+00
       257   -0.7962008348E+01   -0.8293988785E+01    0.5802259061E+01    0.2256250000E+02    0.1428571429E+00
       258   -0.7574622619E+01   -0.7900606924E+01    0.4641807249E+01    0.2256250000E+02    0.1428571429E+00
       259   -0.9992839120E+01   -0.9206547416E+01    0.7736345414E+01    0.2568750000E+02    0.1428571429E+00
       260   -0.8359756630E+01   -0.8432726771E+01    0.5802259061E+01    0.2425000000E+02    0.1428571429E+00
       261   -0.7724045937E+01   -0.7962268252E+01    0.4641807249E+01    0.2331250000E+02    0.1428571429E+00
       262   -0.8831899827E+01   -0.9085344770E+01    0.7736345414E+01    0.2325000000E+02    0.8333333333E-01
       263   -0.9038451379E+01   -0.8460539000E+01    0.5802259061E+01    0.2362500000E+02    0.8333333333E-01
       264   -0.7991661139E+01   -0.8036326475E+01    0.4641807249E+01    0.2325000000E+02    0.8333333333E-01
       265   -0.9257423594E+01   -0.9215636862E+01    0.7736345414E+01    0.2642857143E+02    0.1818181818E+00
       266   -0.8015648503E+01   -0.8372080191E+01    0.5802259061E+01    0.2414285714E+02    0.1818181818E+00
       267   -0.7428046393E+01   -0.7943463286E+01    0.4641807249E+01    0.2371428571E+02    0.1818181818E+00
       268   -0.8990580138E+01   -0.8965040551E+01    0.7736345414E+01    0.2275000000E+02    0.1428571429E+00
       269   -0.8063789393E+01   -0.8329957893E+01    0.5802259061E+01    0.2300000000E+02    0.1428571429E+00
       270   -0.7250593254E+01   -0.7909170998E+01    0.4641807249E+01    0.2266666667E+02    0.1428571429E+00
       271   -0.1036555793E+02   -0.1020954166E+02    0.1160451812E+02    0.2322222222E+02    0.2222222222E+00
       272   -0.8581936000E+01   -0.8861728748E+01    0.7736345414E+01    0.2277777778E+02    0.2222222222E+00
       273   -0.7638621565E+01   -0.8119309704E+01    0.5802259061E+01    0.2172222222E+02    0.2222222222E+00
       274   -0.7175382860E+01   -0.7748765372E+01    0.4641807249E+01    0.2200000000E+02    0.2222222222E+00
       275   -0.8725712328E+01   -0.8899958474E+01    0.7736345414E+01    0.2369230769E+02    0.2500000000E+00
       276   -0.8086257237E+01   -0.8212700846E+01    0.5802259061E+01    0.2330769231E+02    0.2500000000E+00
       277   -0.7571263661E+01   -0.7812994746E+01    0.4641807249E+01    0.2323076923E+02    0.2500000000E+00
       278   -0.8182848932E+01   -0.8659477062E+01    0.1160451812E+02    0.1371875000E+02    0.8000000000E+00
       279   -0.7193335695E+01   -0.7301101790E+01    0.7736345414E+01    0.1314583333E+02    0.8000000000E+00
       280   -0.6694717580E+01   -0.6594937324E+01    0.5802259061E+01    0.1253125000E+02    0.8000000000E+00
       281   -0.6320484247E+01   -0.6225534869E+01    0.4641807249E+01    0.1282291667E+02    0.8000000000E+00
       282   -0.8075092118E+01   -0.8644918138E+01    0.1160451812E+02    0.1354166667E+02    0.8000000000E+00
       283   -0.7090289058E+01   -0.7249717351E+01    0.7736345414E+01    0.1252083333E+02    0.8000000000E+00
       284   -0.6596718513E+01   -0.6580378400E+01    0.5802259061E+01    0.1235416667E+02    0.8000000000E+00
       285   -0.6320334959E+01   -0.6202411871E+01    0.4641807249E+01    0.1254166667E+02    0.8000000000E+00
       286   -0.8653240890E+01   -0.8845042881E+01    0.1160451812E+02    0.1516666667E+02    0.7500000000E+00
       287   -0.7470283930E+01   -0.7432582193E+01    0.7736345414E+01    0.1393589744E+02    0.7500000000E+00
       288   -0.6803226809E+01   -0.6756919002E+01    0.5802259061E+01    0.1369230769E+02    0.7500000000E+00
       289   -0.6393976241E+01   -0.6346672505E+01    0.4641807249E+01    0.1348717949E+02    0.7500000000E+00
       290   -0.1118262222E+02   -0.1010923087E+02    0.1160451812E+02    0.2083333333E+02    0.1500000000E+00
       291   -0.9125246749E+01   -0.8845916814E+01    0.7736345414E+01    0.2141666667E+02    0.1500000000E+00
       292   -0.8188687604E+01   -0.8101214018E+01    0.5802259061E+01    0.2033333333E+02    0.1500000000E+00
       293   -0.7453744630E+01   -0.7721534675E+01    0.4641807249E+01    0.2050000000E+02    0.1500000000E+00
       294   -0.8727540836E+01   -0.9025146076E+01    0.1160451812E+02    0.1215555556E+02    0.4285714286E+00
       295   -0.7718223327E+01   -0.7666371147E+01    0.7736345414E+01    0.1157777778E+02    0.4285714286E+00
       296   -0.7046320233E+01   -0.6968713660E+01    0.5802259061E+01    0.1106666667E+02    0.4285714286E+00
       297   -0.6679987635E+01   -0.6588120815E+01    0.4641807249E+01    0.1122222222E+02    0.4285714286E+00
       298   -0.8623580345E+01   -0.8857674807E+01    0.1160451812E+02    0.1127450980E+02    0.5000000000E+00
       299   -0.7526436937E+01   -0.7465798896E+01    0.7736345414E+01    0.1029411765E+02    0.5000000000E+00
       300   -0.6909561810E+01   -0.6813386583E+01    0.5802259061E+01    0.1033333333E+02    0.5000000000E+00
       301   -0.6451132906E+01   -0.6344237863E+01    0.4641807249E+01    0.9411764706E+01    0.5000000000E+00
       302   -0.1078793084E+02   -0.1029125866E+02    0.1160451812E+02    0.2755555556E+02    0.4285714286E+00
       303   -0.8556232921E+01   -0.8837479613E+01    0.7736345414E+01    0.2582222222E+02    0.4285714286E+00
       304   -0.7804229903E+01   -0.8097801074E+01    0.5802259061E+01    0.2480000000E+02    0.4285714286E+00
       305   -0.7235224604E+01   -0.7658744156E+01    0.4641807249E+01    0.2424444444E+02    0.4285714286E+00
       306   -0.9049273947E+01   -0.9188147280E+01    0.1160451812E+02    0.1529411765E+02    0.5000000000E+00
       307   -0.7881315813E+01   -0.7862365863E+01    0.7736345414E+01    0.1511764706E+02    0.5000000000E+00
       308   -0.7291075212E+01   -0.7148695239E+01    0.5802259061E+01    0.1441176471E+02    0.5000000000E+00
       309   -0.6802415834E+01   -0.6698891249E+01    0.4641807249E+01    0.1372549020E+02    0.5000000000E+00
       310   -0.9620765762E+01   -0.8959662876E+01    0.1160451812E+02    0.1413333333E+02    0.6000000000E+00
       311   -0.7863704360E+01   -0.7686757056E+01    0.7736345414E+01    0.1460000000E+02    0.6000000000E+00
       312   -0.7142618741E+01   -0.6946165015E+01    0.5802259061E+01    0.1356666667E+02    0.6000000000E+00
       313   -0.6790756373E+01   -0.6515786358E+01    0.4641807249E+01    0.1311666667E+02    0.6000000000E+00
       314   -0.1029716738E+02   -0.9149457819E+01    0.1160451812E+02    0.1482352941E+02    0.5000000000E+00
       315   -0.8170444652E+01   -0.7825288464E+01    0.7736345414E+01    0.1466666667E+02    0.5000000000E+00
       316   -0.7387787588E+01   -0.7064868075E+01    0.5802259061E+01    0.1339215686E+02    0.5000000000E+00
       317   -0.7003989015E+01   -0.6689218884E+01    0.4641807249E+01    0.1360784314E+02    0.5000000000E+00
       318   -0.8858139622E+01   -0.9390403063E+01    0.1160451812E+02    0.2180000000E+02    0.7500000000E+00
       319   -0.7703020460E+01   -0.7960740446E+01    0.7736345414E+01    0.2036000000E+02    0.7500000000E+00
       320   -0.7066218327E+01   -0.7236043325E+01    0.5802259061E+01    0.1952000000E+02    0.7500000000E+00
       321   -0.6616003026E+01   -0.6748388146E+01    0.4641807249E+01    0.1837333333E+02    0.7500000000E+00
       322   -0.9613069726E+01   -0.8746293950E+01    0.7736345414E+01    0.2384615385E+02    0.3750000000E+00
       323   -0.7739591358E+01   -0.7949416184E+01    0.5802259061E+01    0.2212820513E+02    0.3750000000E+00
       324   -0.7286240490E+01   -0.7528629289E+01    0.4641807249E+01    0.2179487179E+02    0.3750000000E+00
       325   -0.8533450122E+01   -0.9105558088E+01    0.1160451812E+02    0.1226666667E+02    0.3750000000E+00
       326   -0.7523114538E+01   -0.7764139681E+01    0.7736345414E+01    0.1190000000E+02    0.3750000000E+00
       327   -0.7072862025E+01   -0.7113984254E+01    0.5802259061E+01    0.1196666667E+02    0.3750000000E+00
       328   -0.6608336551E+01   -0.6668532827E+01    0.4641807249E+01    0.1133333333E+02    0.3750000000E+00
       329   -0.9875343343E+01   -0.8882861828E+01    0.1160451812E+02    0.1562666667E+02    0.7500000000E+00
       330   -0.8620040756E+01   -0.7601186396E+01    0.7736345414E+01    0.1598666667E+02    0.7500000000E+00
       331   -0.7163875379E+01   -0.6864431060E+01    0.5802259061E+01    0.1500000000E+02    0.7500000000E+00
       332   -0.6693147978E+01   -0.6446932770E+01    0.4641807249E+01    0.1470666667E+02    0.7500000000E+00
       333   -0.8564216667E+01   -0.8801742926E+01    0.1160451812E+02    0.1464000000E+02    0.7500000000E+00
       334   -0.7529829460E+01   -0.7441140996E+01    0.7736345414E+01    0.1404000000E+02    0.7500000000E+00
       335   -0.6872645311E+01   -0.6755907124E+01    0.5802259061E+01    0.1368000000E+02    0.7500000000E+00
       336   -0.6449593552E+01   -0.6281406362E+01    0.4641807249E+01    0.1269333333E+02    0.7500000000E+00
       337   -0.1064316884E+02   -0.1005967490E+02    0.1160451812E+02    0.2387179487E+02    0.3750000000E+00
       338   -0.8706146691E+01   -0.8693591961E+01    0.7736345414E+01    0.2320512821E+02    0.3750000000E+00
       339   -0.7921845461E+01   -0.7987361616E+01    0.5802259061E+01    0.2258974359E+02    0.3750000000E+00
       340   -0.7271927400E+01   -0.7551818165E+01    0.4641807249E+01    0.2207692308E+02    0.3750000000E+00
       341   -0.7847913845E+01   -0.8680064574E+01    0.1160451812E+02    0.1316000000E+02    0.7500000000E+00
       342   -0.7046572847E+01   -0.7311789234E+01    0.7736345414E+01    0.1246666667E+02    0.7500000000E+00
       343   -0.6571506853E+01   -0.6639709779E+01    0.5802259061E+01    0.1226666667E+02    0.7500000000E+00
       344   -0.6265244240E+01   -0.6200287461E+01    0.4641807249E+01    0.1170666667E+02    0.7500000000E+00
       345   -0.8241719463E+01   -0.8700892400E+01    0.1160451812E+02    0.1341333333E+02    0.7500000000E+00
       346   -0.7346280086E+01   -0.7352348685E+01    0.7736345414E+01    0.1296000000E+02    0.7500000000E+00
       347   -0.6841247760E+01   -0.6670403417E+01    0.5802259061E+01    0.1264000000E+02    0.7500000000E+00
       348   -0.6421552443E+01   -0.6222211488E+01    0.4641807249E+01    0.1197333333E+02    0.7500000000E+00
       349   -0.1109068191E+02   -0.1059404894E+02    0.1160451812E+02    0.2700000000E+02    0.1666666667E+00
       350   -0.8993760716E+01   -0.9164020924E+01    0.7736345414E+01    0.2555555556E+02    0.1666666667E+00
       351   -0.8026228293E+01   -0.8499249477E+01    0.5802259061E+01    0.2544444444E+02    0.1666666667E+00
       352   -0.7457896047E+01   -0.8019085008E+01    0.4641807249E+01    0.2438888889E+02    0.1666666667E+00
       353   -0.8643214569E+01   -0.8987382090E+01    0.7736345414E+01    0.2444444444E+02    0.2307692308E+00
       354   -0.7680789746E+01   -0.8226693024E+01    0.5802259061E+01    0.2316666667E+02    0.2307692308E+00
       355   -0.7157987308E+01   -0.7741961049E+01    0.4641807249E+01    0.2205555556E+02    0.2307692308E+00
       356   -0.9855463396E+01   -0.9251017653E+01    0.1160451812E+02    0.1605882353E+02    0.5000000000E+00
       357   -0.8152278240E+01   -0.7915563871E+01    0.7736345414E+01    0.1576470588E+02    0.5000000000E+00
       358   -0.7434635931E+01   -0.7240582706E+01    0.5802259061E+01    0.1552941176E+02    0.5000000000E+00
       359   -0.6977397576E+01   -0.6810123446E+01    0.4641807249E+01    0.1507843137E+02    0.5000000000E+00
       360   -0.9843137792E+01   -0.9204524778E+01    0.1160451812E+02    0.1387500000E+02    0.4000000000E+00
       361   -0.8456620806E+01   -0.7878864266E+01    0.7736345414E+01    0.1370000000E+02    0.4000000000E+00
       362   -0.7499707448E+01   -0.7153344994E+01    0.5802259061E+01    0.1285000000E+02    0.4000000000E+00
       363   -0.7030328758E+01   -0.6743520113E+01    0.4641807249E+01    0.1265000000E+02    0.4000000000E+00
       364   -0.7791704434E+01   -0.8844744055E+01    0.1160451812E+02    0.7071428571E+01    0.2500000000E+00
       365   -0.6974907560E+01   -0.7445383576E+01    0.7736345414E+01    0.6000000000E+01    0.2500000000E+00
       366   -0.6294097184E+01   -0.6692850770E+01    0.5802259061E+01    0.4821428571E+01    0.2500000000E+00
       367   -0.5877892499E+01   -0.6314150177E+01    0.4641807249E+01    0.5000000000E+01    0.2500000000E+00
       368   -0.9042671476E+01   -0.8074125135E+01    0.7736345414E+01    0.1607500000E+02    0.4000000000E+00
       369   -0.7890296129E+01   -0.7395879548E+01    0.5802259061E+01    0.1580000000E+02    0.4000000000E+00
       370   -0.7161578810E+01   -0.6942891737E+01    0.4641807249E+01    0.1507500000E+02    0.4000000000E+00
       371   -0.1016339623E+02   -0.9331958187E+01    0.1160451812E+02    0.1542500000E+02    0.4000000000E+00
       372   -0.8087757357E+01   -0.8018629941E+01    0.7736345414E+01    0.1540000000E+02    0.4000000000E+00
       373   -0.7519269571E+01   -0.7245836985E+01    0.5802259061E+01    0.1397500000E+02    0.4000000000E+00
       374   -0.7138142628E+01   -0.6848344369E+01    0.4641807249E+01    0.1392500000E+02    0.4000000000E+00
       375   -0.8665593437E+01   -0.8739122943E+01    0.1160451812E+02    0.1468750000E+02    0.8000000000E+00
       376   -0.7544563526E+01   -0.7419628564E+01    0.7736345414E+01    0.1458750000E+02    0.8000000000E+00
       377   -0.6898038045E+01   -0.6706441557E+01    0.5802259061E+01    0.1388750000E+02    0.8000000000E+00
       378   -0.6399134063E+01   -0.6297644365E+01    0.4641807249E+01    0.1370000000E+02    0.8000000000E+00
       379   -0.8537505599E+01   -0.8673350861E+01    0.1160451812E+02    0.1388750000E+02    0.8000000000E+00
       380   -0.7469642470E+01   -0.7347690349E+01    0.7736345414E+01    0.1371250000E+02    0.8000000000E+00
       381   -0.6792532585E+01   -0.6636558720E+01    0.5802259061E+01    0.1303750000E+02    0.8000000000E+00
       382   -0.6385910965E+01   -0.6206180063E+01    0.4641807249E+01    0.1258750000E+02    0.8000000000E+00
       383   -0.8485582612E+01   -0.8762946638E+01    0.1160451812E+02    0.1497727273E+02    0.8000000000E+00
       384   -0.7363757231E+01   -0.7418974580E+01    0.7736345414E+01    0.1457954545E+02    0.8000000000E+00
       385   -0.6776854130E+01   -0.6709150919E+01    0.5802259061E+01    0.1392045455E+02    0.8000000000E+00
       386   -0.6326662971E+01   -0.6312032008E+01    0.4641807249E+01    0.1387500000E+02    0.8000000000E+00
       387   -0.9031430462E+01   -0.8920452877E+01    0.1160451812E+02    0.1473529412E+02    0.6666666667E+00
       388   -0.7631099640E+01   -0.7578953867E+01    0.7736345414E+01    0.1436764706E+02    0.6666666667E+00
       389   -0.7008450361E+01   -0.6874955607E+01    0.5802259061E+01    0.1377941176E+02    0.6666666667E+00
       390   -0.6568818368E+01   -0.6471901382E+01    0.4641807249E+01    0.1366176471E+02    0.6666666667E+00
       391   -0.8808404150E+01   -0.8822520181E+01    0.1160451812E+02    0.1354411765E+02    0.6666666667E+00
       392   -0.7677901653E+01   -0.7462885486E+01    0.7736345414E+01    0.1295588235E+02    0.6666666667E+00
       393   -0.6945917896E+01   -0.6727452040E+01    0.5802259061E+01    0.1198529412E+02    0.6666666667E+00
       394   -0.6516167010E+01   -0.6346160636E+01    0.4641807249E+01    0.1213235294E+02    0.6666666667E+00
       395   -0.8696223570E+01   -0.8929366184E+01    0.7736345414E+01    0.2405000000E+02    0.2500000000E+00
       396   -0.7516907695E+01   -0.8170960871E+01    0.5802259061E+01    0.2280000000E+02    0.2500000000E+00
       397   -0.7286831555E+01   -0.7752914479E+01    0.4641807249E+01    0.2250000000E+02    0.2500000000E+00
       398   -0.8896162679E+01   -0.8762067899E+01    0.1160451812E+02    0.1280882353E+02    0.6666666667E+00
       399   -0.7565959537E+01   -0.7424196026E+01    0.7736345414E+01    0.1248529412E+02    0.6666666667E+00
       400   -0.6928735125E+01   -0.6702062082E+01    0.5802259061E+01    0.1167647059E+02    0.6666666667E+00
       401   -0.6487563870E+01   -0.6245809849E+01    0.4641807249E+01    0.1091176471E+02    0.6666666667E+00
       402   -0.7912954003E+01   -0.8719596856E+01    0.1160451812E+02    0.1445000000E+02    0.8000000000E+00
       403   -0.7014914300E+01   -0.7353856482E+01    0.7736345414E+01    0.1378750000E+02    0.8000000000E+00
       404   -0.6532934344E+01   -0.6692053914E+01    0.5802259061E+01    0.1371250000E+02    0.8000000000E+00
       405   -0.6288187203E+01   -0.6250370681E+01    0.4641807249E+01    0.1312500000E+02    0.8000000000E+00
       406   -0.7983367704E+01   -0.8797701204E+01    0.1160451812E+02    0.1540000000E+02    0.8000000000E+00
       407   -0.7207681472E+01   -0.7447376161E+01    0.7736345414E+01    0.1492500000E+02    0.8000000000E+00
       408   -0.6668304772E+01   -0.6784545905E+01    0.5802259061E+01    0.1483750000E+02    0.8000000000E+00
       409   -0.6319942448E+01   -0.6377804090E+01    0.4641807249E+01    0.1467500000E+02    0.8000000000E+00
       410   -0.8564308908E+01   -0.8790507382E+01    0.1160451812E+02    0.1531250000E+02    0.8000000000E+00
       411   -0.7509292389E+01   -0.7444293095E+01    0.7736345414E+01    0.1488750000E+02    0.8000000000E+00
       412   -0.6881325931E+01   -0.6768102885E+01    0.5802259061E+01    0.1463750000E+02    0.8000000000E+00
       413   -0.6537583518E+01   -0.6350056493E+01    0.4641807249E+01    0.1433750000E+02    0.8000000000E+00
       414   -0.1010794675E+02   -0.1027024499E+02    0.1160451812E+02    0.2534375000E+02    0.3076923077E+00
       415   -0.8477868157E+01   -0.8879326245E+01    0.7736345414E+01    0.2437500000E+02    0.3076923077E+00
       416   -0.7673147399E+01   -0.8156890040E+01    0.5802259061E+01    0.2356250000E+02    0.3076923077E+00
       417   -0.7162372083E+01   -0.7724969849E+01    0.4641807249E+01    0.2309375000E+02    0.3076923077E+00
       418   -0.8653091955E+01   -0.8810033469E+01    0.1160451812E+02    0.1555000000E+02    0.8000000000E+00
       419   -0.7539884127E+01   -0.7474096070E+01    0.7736345414E+01    0.1525000000E+02    0.8000000000E+00
       420   -0.6943281736E+01   -0.6814348880E+01    0.5802259061E+01    0.1520000000E+02    0.8000000000E+00
       421   -0.6535837992E+01   -0.6334641161E+01    0.4641807249E+01    0.1415000000E+02    0.8000000000E+00
       422   -0.8274088986E+01   -0.8766870540E+01    0.1160451812E+02    0.1502500000E+02    0.8000000000E+00
       423   -0.7366133783E+01   -0.7438126962E+01    0.7736345414E+01    0.1481250000E+02    0.8000000000E+00
       424   -0.6816757840E+01   -0.6758853686E+01    0.5802259061E+01    0.1452500000E+02    0.8000000000E+00
       425   -0.6451351396E+01   -0.6362388758E+01    0.4641807249E+01    0.1448750000E+02    0.8000000000E+00
       426   -0.9209932455E+01   -0.8642520197E+01    0.1160451812E+02    0.1351250000E+02    0.8000000000E+00
       427   -0.7545797041E+01   -0.7274724445E+01    0.7736345414E+01    0.1282500000E+02    0.8000000000E+00
       428   -0.6855696273E+01   -0.6546122107E+01    0.5802259061E+01    0.1193750000E+02    0.8000000000E+00
       429   -0.6442173600E+01   -0.6145546424E+01    0.4641807249E+01    0.1185000000E+02    0.8000000000E+00
       430   -0.7775641159E+01   -0.8661018595E+01    0.1160451812E+02    0.1373750000E+02    0.8000000000E+00
       431   -0.6962478766E+01   -0.7324053507E+01    0.7736345414E+01    0.1342500000E+02    0.8000000000E+00
       432   -0.6488405872E+01   -0.6649918674E+01    0.5802259061E+01    0.1320000000E+02    0.8000000000E+00
       433   -0.6220927524E+01   -0.6233927660E+01    0.4641807249E+01    0.1292500000E+02    0.8000000000E+00
       434   -0.9282131799E+01   -0.9084913384E+01    0.1160451812E+02    0.1403846154E+02    0.5000000000E+00
       435   -0.8096890047E+01   -0.7787870052E+01    0.7736345414E+01    0.1421153846E+02    0.5000000000E+00
       436   -0.7259959090E+01   -0.7084801827E+01    0.5802259061E+01    0.1363461538E+02    0.5000000000E+00
       437   -0.7022268329E+01   -0.6711973742E+01    0.4641807249E+01    0.1388461538E+02    0.5000000000E+00
       438   -0.9108266752E+01   -0.9081751264E+01    0.1160451812E+02    0.1400000000E+02    0.5000000000E+00
       439   -0.8024199618E+01   -0.7697749651E+01    0.7736345414E+01    0.1311538462E+02    0.5000000000E+00
       440   -0.7259808349E+01   -0.7029464739E+01    0.5802259061E+01    0.1296153846E+02    0.5000000000E+00
       441   -0.6852445083E+01   -0.6591813207E+01    0.4641807249E+01    0.1242307692E+02    0.5000000000E+00
       442   -0.9049368438E+01   -0.9130546872E+01    0.1160451812E+02    0.1369444444E+02    0.4444444444E+00
       443   -0.7665348612E+01   -0.7757612676E+01    0.7736345414E+01    0.1294444444E+02    0.4444444444E+00
       444   -0.7154923628E+01   -0.7072287455E+01    0.5802259061E+01    0.1258333333E+02    0.4444444444E+00
       445   -0.6743754188E+01   -0.6571569210E+01    0.4641807249E+01    0.1127777778E+02    0.4444444444E+00
       446   -0.1069283731E+02   -0.1026947897E+02    0.1160451812E+02    0.2343750000E+02    0.1904761905E+00
       447   -0.8464325163E+01   -0.8953067657E+01    0.7736345414E+01    0.2337500000E+02    0.1904761905E+00
       448   -0.7940764676E+01   -0.8194662344E+01    0.5802259061E+01    0.2212500000E+02    0.1904761905E+00
       449   -0.7377234886E+01   -0.7883495586E+01    0.4641807249E+01    0.2312500000E+02    0.1904761905E+00
       450   -0.1040031166E+02   -0.1038451548E+02    0.1160451812E+02    0.2580000000E+02    0.2500000000E+00
       451   -0.1020243821E+02   -0.8970473735E+01    0.7736345414E+01    0.2455000000E+02    0.2500000000E+00
       452   -0.7943072820E+01   -0.8323058811E+01    0.5802259061E+01    0.2465000000E+02    0.2500000000E+00
       453   -0.7396214734E+01   -0.7802243541E+01    0.4641807249E+01    0.2310000000E+02    0.2500000000E+00
       454   -0.7967966325E+01   -0.8695960014E+01    0.1160451812E+02    0.1416250000E+02    0.8000000000E+00
       455   -0.7095106101E+01   -0.7362077992E+01    0.7736345414E+01    0.1388750000E+02    0.8000000000E+00
       456   -0.6552591256E+01   -0.6681777027E+01    0.5802259061E+01    0.1358750000E+02    0.8000000000E+00
       457   -0.6257023706E+01   -0.6266813701E+01    0.4641807249E+01    0.1332500000E+02    0.8000000000E+00
       458   -0.7807392454E+01   -0.8639437131E+01    0.1160451812E+02    0.1347500000E+02    0.8000000000E+00
       459   -0.6975024030E+01   -0.7276779823E+01    0.7736345414E+01    0.1285000000E+02    0.8000000000E+00
       460   -0.6509756710E+01   -0.6602644990E+01    0.5802259061E+01    0.1262500000E+02    0.8000000000E+00
       461   -0.6213954312E+01   -0.6161989445E+01    0.4641807249E+01    0.1205000000E+02    0.8000000000E+00
       462   -0.9034082999E+01   -0.9357529001E+01    0.1160451812E+02    0.1465714286E+02    0.3333333333E+00
       463   -0.7729206624E+01   -0.8013370091E+01    0.7736345414E+01    0.1425714286E+02    0.3333333333E+00
       464   -0.7071152359E+01   -0.7299008583E+01    0.5802259061E+01    0.1354285714E+02    0.3333333333E+00
       465   -0.6676267280E+01   -0.6856297660E+01    0.4641807249E+01    0.1294285714E+02    0.3333333333E+00
       466   -0.7941726271E+01   -0.8937529671E+01    0.1160451812E+02    0.8200000000E+01    0.2500000000E+00
       467   -0.6998259367E+01   -0.7488135429E+01    0.7736345414E+01    0.6520000000E+01    0.2500000000E+00
       468   -0.6450176963E+01   -0.6832498995E+01    0.5802259061E+01    0.6520000000E+01    0.2500000000E+00
       469   -0.6189789982E+01   -0.6445694342E+01    0.4641807249E+01    0.6600000000E+01    0.2500000000E+00
       470   -0.9054932768E+01   -0.9345783986E+01    0.1160451812E+02    0.1451428571E+02    0.3333333333E+00
       471   -0.7657732951E+01   -0.8020417100E+01    0.7736345414E+01    0.1434285714E+02    0.3333333333E+00
       472   -0.7158691622E+01   -0.7327196619E+01    0.5802259061E+01    0.1388571429E+02    0.3333333333E+00
       473   -0.6723959892E+01   -0.6856297660E+01    0.4641807249E+01    0.1294285714E+02    0.3333333333E+00
       474   -0.9275595950E+01   -0.9226926833E+01    0.1160451812E+02    0.1172000000E+02    0.2500000000E+00
       475   -0.7867626494E+01   -0.7816995841E+01    0.7736345414E+01    0.1052000000E+02    0.2500000000E+00
       476   -0.7224484361E+01   -0.7164648011E+01    0.5802259061E+01    0.1056000000E+02    0.2500000000E+00
       477   -0.6749545676E+01   -0.6748245921E+01    0.4641807249E+01    0.1028000000E+02    0.2500000000E+00
       478   -0.9632709552E+01   -0.1021585527E+02    0.1160451812E+02    0.2476000000E+02    0.3125000000E+00
       479   -0.8399431489E+01   -0.8822367303E+01    0.7736345414E+01    0.2376000000E+02    0.3125000000E+00
       480   -0.7725630884E+01   -0.8186462493E+01    0.5802259061E+01    0.2400000000E+02    0.3125000000E+00
       481   -0.7275255029E+01   -0.7753617383E+01    0.4641807249E+01    0.2352000000E+02    0.3125000000E+00
       482   -0.1063479777E+02   -0.1008641982E+02    0.1160451812E+02    0.2622000000E+02    0.5000000000E+00
       483   -0.8487798480E+01   -0.8635381278E+01    0.7736345414E+01    0.2452000000E+02    0.5000000000E+00
       484   -0.7720189726E+01   -0.7979744844E+01    0.5802259061E+01    0.2452000000E+02    0.5000000000E+00
       485   -0.7229516574E+01   -0.7546899734E+01    0.4641807249E+01    0.2404000000E+02    0.5000000000E+00
       486   -0.8792038015E+01   -0.9276255895E+01    0.1160451812E+02    0.1232000000E+02    0.2500000000E+00
       487   -0.7690440152E+01   -0.7866324903E+01    0.7736345414E+01    0.1112000000E+02    0.2500000000E+00
       488   -0.7038085287E+01   -0.7187668239E+01    0.5802259061E+01    0.1084000000E+02    0.2500000000E+00
       489   -0.6707876179E+01   -0.6744957317E+01    0.4641807249E+01    0.1024000000E+02    0.2500000000E+00
       490   -0.1015367091E+02   -0.1010064674E+02    0.1160451812E+02    0.2504444444E+02    0.4166666667E+00
       491   -0.9412589980E+01   -0.8814951899E+01    0.7736345414E+01    0.2535555556E+02    0.4166666667E+00
       492   -0.7655729781E+01   -0.8024117295E+01    0.5802259061E+01    0.2371111111E+02    0.4166666667E+00
       493   -0.7331394999E+01   -0.7575925365E+01    0.4641807249E+01    0.2304444444E+02    0.4166666667E+00
       494   -0.8695901882E+01   -0.9032422202E+01    0.1160451812E+02    0.1340000000E+02    0.5000000000E+00
       495   -0.7644187694E+01   -0.7620846908E+01    0.7736345414E+01    0.1218000000E+02    0.5000000000E+00
       496   -0.6987632925E+01   -0.6933968734E+01    0.5802259061E+01    0.1180000000E+02    0.5000000000E+00
       497   -0.6577936844E+01   -0.6540586874E+01    0.4641807249E+01    0.1180000000E+02    0.5000000000E+00
       498   -0.1018250329E+02   -0.9280711813E+01    0.1160451812E+02    0.1642000000E+02    0.5000000000E+00
       499   -0.8461698884E+01   -0.7976016153E+01    0.7736345414E+01    0.1650000000E+02    0.5000000000E+00
       500   -0.7508982566E+01   -0.7256251938E+01    0.5802259061E+01    0.1572000000E+02    0.5000000000E+00
       501   -0.7070875683E+01   -0.6823406828E+01    0.4641807249E+01    0.1524000000E+02    0.5000000000E+00
       502   -0.9481375117E+01   -0.9139301836E+01    0.1160451812E+02    0.1470000000E+02    0.5000000000E+00
       503   -0.7817074618E+01   -0.7793498624E+01    0.7736345414E+01    0.1428000000E+02    0.5000000000E+00
       504   -0.7120812865E+01   -0.7121419169E+01    0.5802259061E+01    0.1408000000E+02    0.5000000000E+00
       505   -0.6719110257E+01   -0.6680352549E+01    0.4641807249E+01    0.1350000000E+02    0.5000000000E+00
       506   -0.1018406426E+02   -0.9903902294E+01    0.1160451812E+02    0.2400000000E+02    0.5000000000E+00
       507   -0.8184298418E+01   -0.8521924436E+01    0.7736345414E+01    0.2314000000E+02    0.5000000000E+00
       508   -0.7514248546E+01   -0.7802160222E+01    0.5802259061E+01    0.2236000000E+02    0.5000000000E+00
       509   -0.7056050552E+01   -0.7326563258E+01    0.4641807249E+01    0.2136000000E+02    0.5000000000E+00
       510   -0.8691065742E+01   -0.8713331957E+01    0.1160451812E+02    0.1298666667E+02    0.7142857143E+00
       511   -0.7460589712E+01   -0.7323132589E+01    0.7736345414E+01    0.1202666667E+02    0.7142857143E+00
       512   -0.6904712014E+01   -0.6660918947E+01    0.5802259061E+01    0.1194666667E+02    0.7142857143E+00
       513   -0.6417847067E+01   -0.6206149809E+01    0.4641807249E+01    0.1120000000E+02    0.7142857143E+00
       514   -0.9781052244E+01   -0.9859506138E+01    0.1160451812E+02    0.2346000000E+02    0.5000000000E+00
       515   -0.8498704662E+01   -0.8503837114E+01    0.7736345414E+01    0.2292000000E+02    0.5000000000E+00
       516   -0.7700822026E+01   -0.7752831160E+01    0.5802259061E+01    0.2176000000E+02    0.5000000000E+00
       517   -0.7180895203E+01   -0.7290388613E+01    0.4641807249E+01    0.2092000000E+02    0.5000000000E+00
       518   -0.8697347898E+01   -0.8839446819E+01    0.1160451812E+02    0.1375000000E+02    0.6666666667E+00
       519   -0.7523409893E+01   -0.7455093859E+01    0.7736345414E+01    0.1286111111E+02    0.6666666667E+00
       520   -0.6856044907E+01   -0.6778903649E+01    0.5802259061E+01    0.1261111111E+02    0.6666666667E+00
       521   -0.6477865757E+01   -0.6332995472E+01    0.4641807249E+01    0.1197222222E+02    0.6666666667E+00
       522   -0.9020624554E+01   -0.8657167241E+01    0.7736345414E+01    0.2316666667E+02    0.4000000000E+00
       523   -0.7993409487E+01   -0.7956508250E+01    0.5802259061E+01    0.2261904762E+02    0.4000000000E+00
       524   -0.7561891384E+01   -0.7568998896E+01    0.4641807249E+01    0.2269047619E+02    0.4000000000E+00
       525   -0.8690668393E+01   -0.9307706813E+01    0.1160451812E+02    0.1836666667E+02    0.6000000000E+00
       526   -0.7694975365E+01   -0.7932032113E+01    0.7736345414E+01    0.1758333333E+02    0.6000000000E+00
       527   -0.6986343503E+01   -0.7283246937E+01    0.5802259061E+01    0.1766666667E+02    0.6000000000E+00
       528   -0.6582522397E+01   -0.6807649974E+01    0.4641807249E+01    0.1666666667E+02    0.6000000000E+00
       529   -0.1082403232E+02   -0.1007023024E+02    0.1160451812E+02    0.2440476190E+02    0.4000000000E+00
       530   -0.9142833137E+01   -0.8700232294E+01    0.7736345414E+01    0.2369047619E+02    0.4000000000E+00
       531   -0.8048916052E+01   -0.7954550748E+01    0.5802259061E+01    0.2259523810E+02    0.4000000000E+00
       532   -0.7443094760E+01   -0.7525933843E+01    0.4641807249E+01    0.2216666667E+02    0.4000000000E+00
       533   -0.9911870592E+01   -0.9967031748E+01    0.1160451812E+02    0.2476785714E+02    0.5000000000E+00
       534   -0.8383151929E+01   -0.8561798761E+01    0.7736345414E+01    0.2362500000E+02    0.5000000000E+00
       535   -0.7681533073E+01   -0.7835692238E+01    0.5802259061E+01    0.2276785714E+02    0.5000000000E+00
       536   -0.7178641855E+01   -0.7432033490E+01    0.4641807249E+01    0.2264285714E+02    0.5000000000E+00
       537   -0.1053341959E+02   -0.9316746833E+01    0.1160451812E+02    0.1281250000E+02    0.2500000000E+00
       538   -0.8627450119E+01   -0.7948951081E+01    0.7736345414E+01    0.1212500000E+02    0.2500000000E+00
       539   -0.7698662598E+01   -0.7218807210E+01    0.5802259061E+01    0.1121875000E+02    0.2500000000E+00
       540   -0.7476114858E+01   -0.6820286905E+01    0.4641807249E+01    0.1115625000E+02    0.2500000000E+00
       541   -0.8806333660E+01   -0.8617855666E+01    0.1160451812E+02    0.1321250000E+02    0.8000000000E+00
       542   -0.7589866579E+01   -0.7298361287E+01    0.7736345414E+01    0.1311250000E+02    0.8000000000E+00
       543   -0.6970845463E+01   -0.6600589612E+01    0.5802259061E+01    0.1260000000E+02    0.8000000000E+00
       544   -0.6445220913E+01   -0.6176377088E+01    0.4641807249E+01    0.1222500000E+02    0.8000000000E+00
       545   -0.8421823013E+01   -0.8626077176E+01    0.1160451812E+02    0.1331250000E+02    0.8000000000E+00
       546   -0.7398897400E+01   -0.7257253736E+01    0.7736345414E+01    0.1261250000E+02    0.8000000000E+00
       547   -0.6770836679E+01   -0.6527623708E+01    0.5802259061E+01    0.1171250000E+02    0.8000000000E+00
       548   -0.6293595463E+01   -0.6099300429E+01    0.4641807249E+01    0.1128750000E+02    0.8000000000E+00
       549   -0.8061974574E+01   -0.8624021799E+01    0.1160451812E+02    0.1328750000E+02    0.8000000000E+00
       550   -0.7197394198E+01   -0.7316859685E+01    0.7736345414E+01    0.1333750000E+02    0.8000000000E+00
       551   -0.6679312593E+01   -0.6597506546E+01    0.5802259061E+01    0.1256250000E+02    0.8000000000E+00
       552   -0.6348553462E+01   -0.6190764731E+01    0.4641807249E+01    0.1240000000E+02    0.8000000000E+00
       553   -0.9308525581E+01   -0.9032220968E+01    0.1160451812E+02    0.1501587302E+02    0.6000000000E+00
       554   -0.7867365131E+01   -0.7728778108E+01    0.7736345414E+01    0.1511111111E+02    0.6000000000E+00
       555   -0.7149724552E+01   -0.7014416601E+01    0.5802259061E+01    0.1439682540E+02    0.6000000000E+00
       556   -0.6641219037E+01   -0.6606679721E+01    0.4641807249E+01    0.1422222222E+02    0.6000000000E+00
       557   -0.9136757252E+01   -0.8970885891E+01    0.1160451812E+02    0.1426984127E+02    0.6000000000E+00
       558   -0.7847924599E+01   -0.7630902986E+01    0.7736345414E+01    0.1392063492E+02    0.6000000000E+00
       559   -0.7113297276E+01   -0.6921761484E+01    0.5802259061E+01    0.1326984127E+02    0.6000000000E+00
       560   -0.6644294001E+01   -0.6527074622E+01    0.4641807249E+01    0.1325396825E+02    0.6000000000E+00
       561   -0.9383465942E+01   -0.9036135972E+01    0.1160451812E+02    0.1506349206E+02    0.6000000000E+00
       562   -0.7939353893E+01   -0.7718338095E+01    0.7736345414E+01    0.1498412698E+02    0.6000000000E+00
       563   -0.7161881886E+01   -0.7023551612E+01    0.5802259061E+01    0.1450793651E+02    0.6000000000E+00
       564   -0.6664023213E+01   -0.6572749679E+01    0.4641807249E+01    0.1380952381E+02    0.6000000000E+00
       565   -0.1042153586E+02   -0.8916075822E+01    0.1160451812E+02    0.1360317460E+02    0.6000000000E+00
       566   -0.7920485328E+01   -0.7551297886E+01    0.7736345414E+01    0.1295238095E+02    0.6000000000E+00
       567   -0.7118161792E+01   -0.6863036411E+01    0.5802259061E+01    0.1255555556E+02    0.6000000000E+00
       568   -0.6763143983E+01   -0.6450079526E+01    0.4641807249E+01    0.1231746032E+02    0.6000000000E+00
       569   -0.8707016819E+01   -0.8737960246E+01    0.1160451812E+02    0.1386419753E+02    0.7500000000E+00
       570   -0.7450341128E+01   -0.7354622287E+01    0.7736345414E+01    0.1298765432E+02    0.7500000000E+00
       571   -0.6828553140E+01   -0.6661430806E+01    0.5802259061E+01    0.1253086420E+02    0.7500000000E+00
       572   -0.6432394960E+01   -0.6248763921E+01    0.4641807249E+01    0.1229629630E+02    0.7500000000E+00
       573   -0.8395680232E+01   -0.8833370366E+01    0.1160451812E+02    0.1502469136E+02    0.7500000000E+00
       574   -0.7353216004E+01   -0.7479467444E+01    0.7736345414E+01    0.1450617284E+02    0.7500000000E+00
       575   -0.6832541411E+01   -0.6764960936E+01    0.5802259061E+01    0.1379012346E+02    0.7500000000E+00
       576   -0.6415076070E+01   -0.6369549072E+01    0.4641807249E+01    0.1376543210E+02    0.7500000000E+00
       577   -0.8302116490E+01   -0.8792770315E+01    0.1160451812E+02    0.1453086420E+02    0.7500000000E+00
       578   -0.7336711096E+01   -0.7427702379E+01    0.7736345414E+01    0.1387654321E+02    0.7500000000E+00
       579   -0.6701819414E+01   -0.6758870928E+01    0.5802259061E+01    0.1371604938E+02    0.7500000000E+00
       580   -0.6401984851E+01   -0.6327934020E+01    0.4641807249E+01    0.1325925926E+02    0.7500000000E+00
       581   -0.8570806016E+01   -0.8789725311E+01    0.1160451812E+02    0.1449382716E+02    0.7500000000E+00
       582   -0.7389049609E+01   -0.7454092412E+01    0.7736345414E+01    0.1419753086E+02    0.7500000000E+00
       583   -0.6893833538E+01   -0.6804545985E+01    0.5802259061E+01    0.1427160494E+02    0.7500000000E+00
       584   -0.6415590287E+01   -0.6323874015E+01    0.4641807249E+01    0.1320987654E+02    0.7500000000E+00
       585   -0.8803186025E+01   -0.9176866970E+01    0.1160451812E+02    0.1111111111E+02    0.2500000000E+00
       586   -0.7556402437E+01   -0.7835144064E+01    0.7736345414E+01    0.1074074074E+02    0.2500000000E+00
       587   -0.7120786013E+01   -0.7100337530E+01    0.5802259061E+01    0.9777777778E+01    0.2500000000E+00
       588   -0.6483463641E+01   -0.6737405708E+01    0.4641807249E+01    0.1014814815E+02    0.2500000000E+00
       589   -0.8686950609E+01   -0.8762320277E+01    0.1160451812E+02    0.1416049383E+02    0.7500000000E+00
       590   -0.7532229186E+01   -0.7403342348E+01    0.7736345414E+01    0.1358024691E+02    0.7500000000E+00
       591   -0.6928567458E+01   -0.6736540900E+01    0.5802259061E+01    0.1344444444E+02    0.7500000000E+00
       592   -0.6533142102E+01   -0.6310678999E+01    0.4641807249E+01    0.1304938272E+02    0.7500000000E+00
       593   -0.8423701938E+01   -0.8773485291E+01    0.1160451812E+02    0.1429629630E+02    0.7500000000E+00
       594   -0.7383399426E+01   -0.7409432356E+01    0.7736345414E+01    0.1365432099E+02    0.7500000000E+00
       595   -0.6800189058E+01   -0.6732480895E+01    0.5802259061E+01    0.1339506173E+02    0.7500000000E+00
       596   -0.6385856727E+01   -0.6280228961E+01    0.4641807249E+01    0.1267901235E+02    0.7500000000E+00
       597   -0.8621110305E+01   -0.8762320277E+01    0.1160451812E+02    0.1416049383E+02    0.7500000000E+00
       598   -0.7419940493E+01   -0.7399282344E+01    0.7736345414E+01    0.1353086420E+02    0.7500000000E+00
       599   -0.7002072112E+01   -0.6700000854E+01    0.5802259061E+01    0.1300000000E+02    0.7500000000E+00
       600   -0.6457283855E+01   -0.6266018943E+01    0.4641807249E+01    0.1250617284E+02    0.7500000000E+00
       601   -0.9921215773E+01   -0.1011813855E+02    0.1160451812E+02    0.2256000000E+02    0.2500000000E+00
       602   -0.8249319134E+01   -0.8649012683E+01    0.7736345414E+01    0.2064000000E+02    0.2500000000E+00
       603   -0.7571915471E+01   -0.7927604166E+01    0.5802259061E+01    0.1984000000E+02    0.2500000000E+00
       604   -0.7039490001E+01   -0.7468450223E+01    0.4641807249E+01    0.1904000000E+02    0.2500000000E+00
       605   -0.1100939035E+02   -0.1026941434E+02    0.1160451812E+02    0.2440000000E+02    0.2500000000E+00
       606   -0.9400269191E+01   -0.8954852866E+01    0.7736345414E+01    0.2436000000E+02    0.2500000000E+00
       607   -0.8320318054E+01   -0.8309082244E+01    0.5802259061E+01    0.2448000000E+02    0.2500000000E+00
       608   -0.7739859056E+01   -0.7840062488E+01    0.4641807249E+01    0.2356000000E+02    0.2500000000E+00
       609   -0.9966122819E+01   -0.9051366410E+01    0.7736345414E+01    0.2380000000E+02    0.1428571429E+00
       610   -0.8819911747E+01   -0.8401210982E+01    0.5802259061E+01    0.2386666667E+02    0.1428571429E+00
       611   -0.7930618650E+01   -0.8040715163E+01    0.4641807249E+01    0.2426666667E+02    0.1428571429E+00
       612   -0.1007241047E+02   -0.1023728142E+02    0.1160451812E+02    0.2320000000E+02    0.2000000000E+00
       613   -0.8477713377E+01   -0.8790353627E+01    0.7736345414E+01    0.2155000000E+02    0.2000000000E+00
       614   -0.7890951063E+01   -0.8081277376E+01    0.5802259061E+01    0.2090000000E+02    0.2000000000E+00
       615   -0.7167136168E+01   -0.7597458902E+01    0.4641807249E+01    0.1980000000E+02    0.2000000000E+00
       616   -0.1090669876E+02   -0.1057661572E+02    0.1160451812E+02    0.2588888889E+02    0.1111111111E+00
       617   -0.8528006444E+01   -0.8363061104E+01    0.5802259061E+01    0.2288888889E+02    0.1111111111E+00
       618   -0.7762226339E+01   -0.7850924094E+01    0.4641807249E+01    0.2144444444E+02    0.1111111111E+00
       619   -0.9576325666E+01   -0.9072377191E+01    0.7736345414E+01    0.2578947368E+02    0.2500000000E+00
       620   -0.7897357569E+01   -0.8317217212E+01    0.5802259061E+01    0.2457894737E+02    0.2500000000E+00
       621   -0.7324989775E+01   -0.7897872686E+01    0.4641807249E+01    0.2426315789E+02    0.2500000000E+00
       622   -0.8819737157E+01   -0.8300420646E+01    0.7736345414E+01    0.1640000000E+02    0.2500000000E+00
       623   -0.7803542649E+01   -0.7565857713E+01    0.5802259061E+01    0.1544000000E+02    0.2500000000E+00
       624   -0.7421083365E+01   -0.7238247935E+01    0.4641807249E+01    0.1624000000E+02    0.2500000000E+00
       625   -0.1084483459E+02   -0.1057507622E+02    0.1160451812E+02    0.2676923077E+02    0.1666666667E+00
       626   -0.9032169082E+01   -0.9225857924E+01    0.7736345414E+01    0.2630769231E+02    0.1666666667E+00
       627   -0.7969454804E+01   -0.8481682148E+01    0.5802259061E+01    0.2523076923E+02    0.1666666667E+00
       628   -0.7251466192E+01   -0.8031382139E+01    0.4641807249E+01    0.2453846154E+02    0.1666666667E+00
       629   -0.8711198539E+01   -0.8498490012E+01    0.7736345414E+01    0.1800000000E+02    0.2000000000E+00
       630   -0.7647430285E+01   -0.7766119481E+01    0.5802259061E+01    0.1706666667E+02    0.2000000000E+00
       631   -0.6971389356E+01   -0.7306965538E+01    0.4641807249E+01    0.1626666667E+02    0.2000000000E+00
       632   -0.9122247996E+01   -0.9223638229E+01    0.1160451812E+02    0.1168000000E+02    0.2500000000E+00
       633   -0.7712870982E+01   -0.7823573049E+01    0.7736345414E+01    0.1060000000E+02    0.2500000000E+00
       634   -0.7110512917E+01   -0.7141627782E+01    0.5802259061E+01    0.1028000000E+02    0.2500000000E+00
       635   -0.6594166819E+01   -0.6675896630E+01    0.4641807249E+01    0.9400000000E+01    0.2500000000E+00
       636   -0.1044099602E+02   -0.1027557874E+02    0.1160451812E+02    0.2177777778E+02    0.8333333333E-01
       637   -0.9214511057E+01   -0.8900360789E+01    0.7736345414E+01    0.2100000000E+02    0.8333333333E-01
       638   -0.8100820455E+01   -0.8162509251E+01    0.5802259061E+01    0.2000000000E+02    0.8333333333E-01
       639   -0.7404426550E+01   -0.7796532425E+01    0.4641807249E+01    0.2033333333E+02    0.8333333333E-01
       640   -0.8608926974E+01   -0.9086684170E+01    0.1160451812E+02    0.1406000000E+02    0.5000000000E+00
       641   -0.7737540157E+01   -0.7793498624E+01    0.7736345414E+01    0.1428000000E+02    0.5000000000E+00
       642   -0.7085556388E+01   -0.7111553357E+01    0.5802259061E+01    0.1396000000E+02    0.5000000000E+00
       643   -0.6753307786E+01   -0.6655688018E+01    0.4641807249E+01    0.1320000000E+02    0.5000000000E+00
       644   -0.9402411704E+01   -0.8986648295E+01    0.7736345414E+01    0.2160000000E+02    0.5555555556E-01
       645   -0.8805285348E+01   -0.8215910717E+01    0.5802259061E+01    0.2020000000E+02    0.5555555556E-01
       646   -0.7706929864E+01   -0.8003402083E+01    0.4641807249E+01    0.2240000000E+02    0.5555555556E-01
       647   -0.9358526045E+01   -0.8698341744E+01    0.7736345414E+01    0.2124000000E+02    0.2500000000E+00
       648   -0.8047086130E+01   -0.7980221832E+01    0.5802259061E+01    0.2048000000E+02    0.2500000000E+00
       649   -0.7362308168E+01   -0.7560531138E+01    0.4641807249E+01    0.2016000000E+02    0.2500000000E+00
       650   -0.8197859484E+01   -0.8408086536E+01    0.5802259061E+01    0.2568421053E+02    0.2500000000E+00
       651   -0.7387915916E+01   -0.7958452236E+01    0.4641807249E+01    0.2500000000E+02    0.2500000000E+00
       652   -0.1055677961E+02   -0.1027599714E+02    0.1160451812E+02    0.2133333333E+02    0.5555555556E-01
       653   -0.8603075751E+01   -0.8937319234E+01    0.7736345414E+01    0.2100000000E+02    0.5555555556E-01
       654   -0.7583883114E+01   -0.8007632456E+01    0.5802259061E+01    0.1766666667E+02    0.5555555556E-01
       655   -0.7403321587E+01   -0.7655358147E+01    0.4641807249E+01    0.1816666667E+02    0.5555555556E-01
       656   -0.8628705927E+01   -0.9344537978E+01    0.7736345414E+01    0.2707692308E+02    0.1250000000E+00
       657   -0.7832356951E+01   -0.8657280350E+01    0.5802259061E+01    0.2669230769E+02    0.1250000000E+00
       658   -0.7255515648E+01   -0.8175359148E+01    0.4641807249E+01    0.2561538462E+02    0.1250000000E+00
       659   -0.1086044925E+02   -0.9290577626E+01    0.1160451812E+02    0.1654000000E+02    0.5000000000E+00
       660   -0.8675341685E+01   -0.8002324986E+01    0.7736345414E+01    0.1682000000E+02    0.5000000000E+00
       661   -0.7862371385E+01   -0.7317091114E+01    0.5802259061E+01    0.1646000000E+02    0.5000000000E+00
       662   -0.7332850860E+01   -0.6946729482E+01    0.4641807249E+01    0.1674000000E+02    0.5000000000E+00
       663   -0.9126167436E+01   -0.8882509165E+01    0.7736345414E+01    0.2033333333E+02    0.5555555556E-01
       664   -0.8172966102E+01   -0.8144657627E+01    0.5802259061E+01    0.1933333333E+02    0.5555555556E-01
       665   -0.7684392987E+01   -0.7723870733E+01    0.4641807249E+01    0.1900000000E+02    0.5555555556E-01
       666   -0.9910129562E+01   -0.8883642120E+01    0.7736345414E+01    0.2040000000E+02    0.5882352941E-01
       667   -0.7898239256E+01   -0.8063575479E+01    0.5802259061E+01    0.1840000000E+02    0.5882352941E-01
       668   -0.7403513324E+01   -0.7587978516E+01    0.4641807249E+01    0.1740000000E+02    0.5882352941E-01
       669   -0.9339819415E+01   -0.9139301836E+01    0.1160451812E+02    0.1470000000E+02    0.5000000000E+00
       670   -0.7618535614E+01   -0.7783632812E+01    0.7736345414E+01    0.1416000000E+02    0.5000000000E+00
       671   -0.8103555900E+01   -0.7109909055E+01    0.5802259061E+01    0.1394000000E+02    0.5000000000E+00
       672   -0.6658150066E+01   -0.6711594288E+01    0.4641807249E+01    0.1388000000E+02    0.5000000000E+00
       673   -0.9434565758E+01   -0.9356699941E+01    0.1160451812E+02    0.1464705882E+02    0.3333333333E+00
       674   -0.8134175826E+01   -0.7948703422E+01    0.7736345414E+01    0.1347058824E+02    0.3333333333E+00
       675   -0.7355911941E+01   -0.7232614706E+01    0.5802259061E+01    0.1273529412E+02    0.3333333333E+00
       676   -0.6870023462E+01   -0.6831978571E+01    0.4641807249E+01    0.1264705882E+02    0.3333333333E+00
       677   -0.1045242357E+02   -0.1018719924E+02    0.1160451812E+02    0.2340000000E+02    0.2500000000E+00
       678   -0.9255312634E+01   -0.8852906138E+01    0.7736345414E+01    0.2312000000E+02    0.2500000000E+00
       679   -0.8574625819E+01   -0.8203846912E+01    0.5802259061E+01    0.2320000000E+02    0.2500000000E+00
       680   -0.7634187925E+01   -0.7764424593E+01    0.4641807249E+01    0.2264000000E+02    0.2500000000E+00
       681   -0.8764466155E+01   -0.9177597771E+01    0.1160451812E+02    0.1112000000E+02    0.2500000000E+00
       682   -0.7431850894E+01   -0.7886056527E+01    0.7736345414E+01    0.1136000000E+02    0.2500000000E+00
       683   -0.6847206895E+01   -0.7213977072E+01    0.5802259061E+01    0.1116000000E+02    0.2500000000E+00
       684   -0.6471648977E+01   -0.6754823129E+01    0.4641807249E+01    0.1036000000E+02    0.2500000000E+00
       685   -0.7718153387E+01   -0.8730347611E+01    0.1160451812E+02    0.5680000000E+01    0.2500000000E+00
       686   -0.6917179144E+01   -0.7419074743E+01    0.7736345414E+01    0.5680000000E+01    0.2500000000E+00
       687   -0.6410039637E+01   -0.6740418079E+01    0.5802259061E+01    0.5400000000E+01    0.2500000000E+00
       688   -0.6049060864E+01   -0.6314150177E+01    0.4641807249E+01    0.5000000000E+01    0.2500000000E+00
       689   -0.1099963488E+02   -0.9334937120E+01    0.1160451812E+02    0.1438235294E+02    0.3333333333E+00
       690   -0.7889474795E+01   -0.8004319521E+01    0.7736345414E+01    0.1414705882E+02    0.3333333333E+00
       691   -0.7726757108E+01   -0.7363191634E+01    0.5802259061E+01    0.1432352941E+02    0.3333333333E+00
       692   -0.7090648239E+01   -0.6858577576E+01    0.4641807249E+01    0.1297058824E+02    0.3333333333E+00
       693   -0.7981129738E+01   -0.8978426785E+01    0.7736345414E+01    0.2150000000E+02    0.5555555556E-01
       694   -0.8350088493E+01   -0.8281682799E+01    0.5802259061E+01    0.2100000000E+02    0.5555555556E-01
       695   -0.7779640923E+01   -0.7902003456E+01    0.4641807249E+01    0.2116666667E+02    0.5555555556E-01
       696   -0.8400459150E+01   -0.8193981099E+01    0.5802259061E+01    0.2308000000E+02    0.2500000000E+00
       697   -0.7484906264E+01   -0.7662477866E+01    0.4641807249E+01    0.2140000000E+02    0.2500000000E+00
       698   -0.1085070667E+02   -0.1040150460E+02    0.1160451812E+02    0.2427272727E+02    0.1428571429E+00
       699   -0.9409070618E+01   -0.9127602232E+01    0.7736345414E+01    0.2472727273E+02    0.1428571429E+00
       700   -0.8038778162E+01   -0.8300061492E+01    0.5802259061E+01    0.2263636364E+02    0.1428571429E+00
       701   -0.8075708321E+01   -0.7884257330E+01    0.4641807249E+01    0.2236363636E+02    0.1428571429E+00
       702   -0.8494029552E+01   -0.9139071728E+01    0.1160451812E+02    0.1200000000E+02    0.3333333333E+00
       703   -0.7695657194E+01   -0.7760092303E+01    0.7736345414E+01    0.1117647059E+02    0.3333333333E+00
       704   -0.7007990507E+01   -0.7044003587E+01    0.5802259061E+01    0.1044117647E+02    0.3333333333E+00
       705   -0.6585080940E+01   -0.6619186540E+01    0.4641807249E+01    0.1005882353E+02    0.3333333333E+00
       706   -0.1066622064E+02   -0.1040527324E+02    0.1160451812E+02    0.2362500000E+02    0.1000000000E+00
       707   -0.9315356502E+01   -0.9022062152E+01    0.7736345414E+01    0.2275000000E+02    0.1000000000E+00
       708   -0.7589763726E+01   -0.8253379951E+01    0.5802259061E+01    0.2137500000E+02    0.1000000000E+00
       709   -0.6990191031E+01   -0.7808613651E+01    0.4641807249E+01    0.2075000000E+02    0.1000000000E+00
       710   -0.1019915610E+02   -0.1037270059E+02    0.1160451812E+02    0.2430769231E+02    0.1666666667E+00
       711   -0.8521762615E+01   -0.8966564137E+01    0.7736345414E+01    0.2315384615E+02    0.1666666667E+00
       712   -0.7739831939E+01   -0.8291954987E+01    0.5802259061E+01    0.2292307692E+02    0.1666666667E+00
       713   -0.7319691681E+01   -0.7904897365E+01    0.4641807249E+01    0.2300000000E+02    0.1666666667E+00
       714   -0.9349048570E+01   -0.9492113052E+01    0.1160451812E+02    0.1629411765E+02    0.3333333333E+00
       715   -0.8105191825E+01   -0.8236456283E+01    0.7736345414E+01    0.1697058824E+02    0.3333333333E+00
       716   -0.7624023707E+01   -0.7556638935E+01    0.5802259061E+01    0.1667647059E+02    0.3333333333E+00
       717   -0.7547792117E+01   -0.7119731431E+01    0.4641807249E+01    0.1614705882E+02    0.3333333333E+00
       718   -0.1050351240E+02   -0.1030305350E+02    0.1160451812E+02    0.2400000000E+02    0.2000000000E+00
       719   -0.8435551455E+01   -0.8847904199E+01    0.7736345414E+01    0.2225000000E+02    0.2000000000E+00
       720   -0.7829759552E+01   -0.8188157010E+01    0.5802259061E+01    0.2220000000E+02    0.2000000000E+00
       721   -0.7496648396E+01   -0.7708449291E+01    0.4641807249E+01    0.2115000000E+02    0.2000000000E+00
       722   -0.9042986948E+01   -0.8964274806E+01    0.7736345414E+01    0.2190000000E+02    0.9090909091E-01
       723   -0.8232647532E+01   -0.8341524412E+01    0.5802259061E+01    0.2230000000E+02    0.9090909091E-01
       724   -0.7480485740E+01   -0.7849484428E+01    0.4641807249E+01    0.2110000000E+02    0.9090909091E-01
       725   -0.8854068309E+01   -0.9054438534E+01    0.1160451812E+02    0.1097058824E+02    0.3333333333E+00
       726   -0.7866398342E+01   -0.7665786744E+01    0.7736345414E+01    0.1002941176E+02    0.3333333333E+00
       727   -0.7487959563E+01   -0.7014986492E+01    0.5802259061E+01    0.1008823529E+02    0.3333333333E+00
       728   -0.6930963314E+01   -0.6568406624E+01    0.4641807249E+01    0.9441176471E+01    0.3333333333E+00
       729   -0.8993126366E+01   -0.9190275200E+01    0.1160451812E+02    0.1532000000E+02    0.5000000000E+00
       730   -0.7932108228E+01   -0.7839539082E+01    0.7736345414E+01    0.1484000000E+02    0.5000000000E+00
       731   -0.7201180612E+01   -0.7134573586E+01    0.5802259061E+01    0.1424000000E+02    0.5000000000E+00
       732   -0.6856359940E+01   -0.6688574059E+01    0.4641807249E+01    0.1360000000E+02    0.5000000000E+00
       733   -0.8617600992E+01   -0.9110054632E+01    0.1160451812E+02    0.1164705882E+02    0.3333333333E+00
       734   -0.7573713648E+01   -0.7801199855E+01    0.7736345414E+01    0.1167647059E+02    0.3333333333E+00
       735   -0.7056646663E+01   -0.7106873960E+01    0.5802259061E+01    0.1120588235E+02    0.3333333333E+00
       736   -0.6648089807E+01   -0.6638531270E+01    0.4641807249E+01    0.1029411765E+02    0.3333333333E+00
       737   -0.7322772665E+01   -0.8540567430E+01    0.1160451812E+02    0.1256666667E+02    0.8181818182E+00
       738   -0.6625547438E+01   -0.7168089984E+01    0.7736345414E+01    0.1182222222E+02    0.8181818182E+00
       739   -0.6181957624E+01   -0.6433892452E+01    0.5802259061E+01    0.1086666667E+02    0.8181818182E+00
       740   -0.5889564131E+01   -0.6014019058E+01    0.4641807249E+01    0.1054444444E+02    0.8181818182E+00
       741   -0.9513329671E+01   -0.9409184222E+01    0.1160451812E+02    0.1258823529E+02    0.1666666667E+00
       742   -0.8194839439E+01   -0.8025368615E+01    0.7736345414E+01    0.1170588235E+02    0.1666666667E+00
       743   -0.7294345101E+01   -0.7369732180E+01    0.5802259061E+01    0.1170588235E+02    0.1666666667E+00
       744   -0.6800241054E+01   -0.6913479947E+01    0.4641807249E+01    0.1094117647E+02    0.1666666667E+00
       745   -0.9023685717E+01   -0.9227812227E+01    0.1160451812E+02    0.1173076923E+02    0.2500000000E+00
       746   -0.7599234252E+01   -0.7910215119E+01    0.7736345414E+01    0.1165384615E+02    0.2500000000E+00
       747   -0.7017502513E+01   -0.7150228746E+01    0.5802259061E+01    0.1038461538E+02    0.2500000000E+00
       748   -0.6493621255E+01   -0.6785305960E+01    0.4641807249E+01    0.1073076923E+02    0.2500000000E+00
       749   -0.8206737175E+01   -0.8874632447E+01    0.1160451812E+02    0.1148076923E+02    0.5000000000E+00
       750   -0.7330505772E+01   -0.7508022490E+01    0.7736345414E+01    0.1080769231E+02    0.5000000000E+00
       751   -0.6686289214E+01   -0.6804954265E+01    0.5802259061E+01    0.1023076923E+02    0.5000000000E+00
       752   -0.6268034508E+01   -0.6346748958E+01    0.4641807249E+01    0.9442307692E+01    0.5000000000E+00
       753   -0.1009912781E+02   -0.1007209809E+02    0.1160451812E+02    0.2200000000E+02    0.2500000000E+00
       754   -0.8654045521E+01   -0.8710231313E+01    0.7736345414E+01    0.2138461538E+02    0.2500000000E+00
       755   -0.7793895393E+01   -0.7975541895E+01    0.5802259061E+01    0.2042307692E+02    0.2500000000E+00
       756   -0.7203741603E+01   -0.7597970631E+01    0.4641807249E+01    0.2061538462E+02    0.2500000000E+00
       757   -0.9136130334E+01   -0.9098165333E+01    0.1160451812E+02    0.1015384615E+02    0.2500000000E+00
       758   -0.7644478451E+01   -0.7603489543E+01    0.7736345414E+01    0.7923076923E+01    0.2500000000E+00
       759   -0.6888567154E+01   -0.6938366750E+01    0.5802259061E+01    0.7807692308E+01    0.2500000000E+00
       760   -0.6533488208E+01   -0.6532336412E+01    0.4641807249E+01    0.7653846154E+01    0.2500000000E+00
       761   -0.7252437707E+01   -0.8433207487E+01    0.1160451812E+02    0.8808823529E+01    0.6666666667E+00
       762   -0.6657785198E+01   -0.7044555698E+01    0.7736345414E+01    0.7867647059E+01    0.6666666667E+00
       763   -0.6184611188E+01   -0.6340557438E+01    0.5802259061E+01    0.7279411765E+01    0.6666666667E+00
       764   -0.5833571348E+01   -0.5903649935E+01    0.4641807249E+01    0.6750000000E+01    0.6666666667E+00
       765   -0.8855359763E+01   -0.8764400967E+01    0.1160451812E+02    0.1014000000E+02    0.5000000000E+00
       766   -0.7340474838E+01   -0.7318295329E+01    0.7736345414E+01    0.8500000000E+01    0.5000000000E+00
       767   -0.6906907139E+01   -0.6628128552E+01    0.5802259061E+01    0.8080000000E+01    0.5000000000E+00
       768   -0.6348556778E+01   -0.6205149254E+01    0.4641807249E+01    0.7720000000E+01    0.5000000000E+00
       769   -0.1019620093E+02   -0.8904516875E+01    0.1160451812E+02    0.9147058824E+01    0.3333333333E+00
       770   -0.8128116984E+01   -0.7556972637E+01    0.7736345414E+01    0.8705882353E+01    0.3333333333E+00
       771   -0.7522337705E+01   -0.6860228651E+01    0.5802259061E+01    0.8205882353E+01    0.3333333333E+00
       772   -0.6928973910E+01   -0.6413648783E+01    0.4641807249E+01    0.7558823529E+01    0.3333333333E+00
       773   -0.7759004569E+01   -0.8486849815E+01    0.1160451812E+02    0.1161904762E+02    0.8000000000E+00
       774   -0.7047144136E+01   -0.7150129414E+01    0.7736345414E+01    0.1130952381E+02    0.8000000000E+00
       775   -0.6514059762E+01   -0.6436746657E+01    0.5802259061E+01    0.1060714286E+02    0.8000000000E+00
       776   -0.6170043181E+01   -0.6030641030E+01    0.4641807249E+01    0.1045238095E+02    0.8000000000E+00
       777   -0.9242724111E+01   -0.9068596848E+01    0.1160451812E+02    0.1384000000E+02    0.5000000000E+00
       778   -0.7797762469E+01   -0.7699773407E+01    0.7736345414E+01    0.1314000000E+02    0.5000000000E+00
       779   -0.7075400502E+01   -0.7004673723E+01    0.5802259061E+01    0.1266000000E+02    0.5000000000E+00
       780   -0.6698794063E+01   -0.6576761519E+01    0.4641807249E+01    0.1224000000E+02    0.5000000000E+00
       781   -0.8688721406E+01   -0.8770206056E+01    0.1160451812E+02    0.1425641026E+02    0.7500000000E+00
       782   -0.7619808253E+01   -0.7433636233E+01    0.7736345414E+01    0.1394871795E+02    0.7500000000E+00
       783   -0.6910452212E+01   -0.6729513968E+01    0.5802259061E+01    0.1335897436E+02    0.7500000000E+00
       784   -0.6469850926E+01   -0.6277105880E+01    0.4641807249E+01    0.1264102564E+02    0.7500000000E+00
       785   -0.7599608497E+01   -0.8399985643E+01    0.1160451812E+02    0.1056250000E+02    0.8000000000E+00
       786   -0.6845986935E+01   -0.7035272958E+01    0.7736345414E+01    0.9912500000E+01    0.8000000000E+00
       787   -0.6418723096E+01   -0.6376553457E+01    0.5802259061E+01    0.9875000000E+01    0.8000000000E+00
       788   -0.6030265460E+01   -0.5916371825E+01    0.4641807249E+01    0.9062500000E+01    0.8000000000E+00
       789   -0.7956938750E+01   -0.8547972829E+01    0.1160451812E+02    0.1236250000E+02    0.8000000000E+00
       790   -0.7053572694E+01   -0.7252115292E+01    0.7736345414E+01    0.1255000000E+02    0.8000000000E+00
       791   -0.6622878939E+01   -0.6532762152E+01    0.5802259061E+01    0.1177500000E+02    0.8000000000E+00
       792   -0.6229724934E+01   -0.6085940475E+01    0.4641807249E+01    0.1112500000E+02    0.8000000000E+00
