Model_ID, [(c_i,i=0,n)_j,j=1,ntask]
           1   -0.3656538958E+01   -0.3279301133E+00   -0.1103637861E+00
           2   -0.8319063456E+01   -0.3530567865E+00    0.2438720033E+01
           3   -0.3626681560E+01   -0.3529896933E+00   -0.9403504262E+00
           4   -0.3721040664E+01   -0.3315021721E+00   -0.1067860570E+00
           5   -0.4554487092E+01   -0.3531835291E+00   -0.9163258511E+00
           6   -0.7590947514E+01   -0.3493746743E+00    0.1653097237E+01
           7   -0.6263600459E+01   -0.3488631295E+00    0.2080820094E+01
           8   -0.7081850970E+01   -0.3473560250E+00    0.1537532570E+01
           9   -0.4298655480E+01   -0.3461567262E+00   -0.1575363957E+01
          10   -0.6707654649E+01   -0.3261076448E+00    0.7105889343E-01
          11   -0.3633729991E+01   -0.3460532093E+00   -0.7368844035E+00
          12   -0.3633729991E+01   -0.3460532093E+00   -0.7368844034E+00
          13   -0.3920806814E+01   -0.3451509878E+00   -0.7747738248E+00
          14   -0.3669658159E+01   -0.3444649788E+00   -0.5991997556E+00
          15   -0.4741597729E+01   -0.3462603735E+00   -0.5314165478E+00
          16   -0.6120421104E+01   -0.3424825631E+00    0.3784853758E+00
          17   -0.5880260789E+01   -0.3409212305E+00    0.8991336219E-02
          18   -0.5890515126E+01   -0.3406338167E+00    0.3345121407E+00
          19   -0.6894942106E+01   -0.3368011856E+00    0.5286321613E+00
          20   -0.5760195096E+01   -0.3382377881E+00    0.1689469411E+01
          21   -0.5879881202E+01   -0.3495107008E+00    0.8690788146E-01
          22   -0.4829398030E+01   -0.3309975959E+00   -0.2471622794E+01
          23   -0.5714600003E+01   -0.3327228093E+00    0.2798965411E-02
          24   -0.7582292920E+01   -0.3366959046E+00    0.2427960797E+01
          25   -0.4093113141E+01   -0.3527412331E+00   -0.6909817980E+00
          26   -0.6498355517E+01   -0.3425956545E+00    0.3347157137E+00
          27   -0.5048912499E+01   -0.3243701567E+00   -0.1009554453E+00
          28   -0.4851775592E+01   -0.3354352028E+00   -0.6777786959E+00
          29   -0.6231647786E+01   -0.3362831077E+00    0.2209641694E+01
          30   -0.5533148563E+01   -0.3348446988E+00    0.2274291651E-02
          31   -0.5522169908E+01   -0.3357130659E+00    0.1138080131E+00
          32   -0.5585899884E+01   -0.3355632477E+00    0.4137077866E+00
          33   -0.5529090889E+01   -0.3354534064E+00    0.9957901278E-01
          34   -0.4578252760E+01   -0.3331979549E+00   -0.3067195435E+00
          35   -0.5329697070E+01   -0.3343485444E+00   -0.1288785395E-02
          36   -0.5204664138E+01   -0.3348764418E+00   -0.4315166420E-02
          37   -0.6200861649E+01   -0.3367605768E+00    0.8200461567E+00
          38   -0.5536098313E+01   -0.3345047559E+00    0.5351672144E-02
          39   -0.5355149576E+01   -0.3339456010E+00   -0.3718083063E-03
          40   -0.5436647208E+01   -0.1126355716E+00   -0.2466188906E+01
          41   -0.5555643294E+01   -0.1067631732E+00   -0.2501623329E+01
          42   -0.5143709797E+01   -0.1362986685E+00   -0.1587922329E-01
          43   -0.6743961928E+01   -0.9488091901E-01    0.9522907282E+00
          44   -0.6586620094E+01   -0.1397655645E+00    0.6114341818E+00
          45   -0.6203707496E+01   -0.1205250943E+00    0.6105100190E+00
          46   -0.4546788927E+01   -0.1189518561E+00   -0.5173168078E+00
          47   -0.8570099179E+01    0.8063512973E-01   -0.2953667639E+01
          48   -0.9686224915E+01    0.6576008035E-01    0.1468826347E+01
          49   -0.6326300549E+01   -0.1139004668E+00    0.4823026883E-01
          50   -0.5531771164E+01   -0.1013607558E+00   -0.2399993954E+00
          51   -0.6933916918E+01   -0.8783558554E-01    0.1056761851E+01
          52   -0.5937119938E+01   -0.1041832347E+00   -0.1973812858E+00
          53   -0.5932611079E+01   -0.2924188391E+00    0.1787465364E+00
          54   -0.6259367660E+01   -0.1066441605E+00    0.1353073905E-02
          55   -0.5855586020E+01   -0.1060459214E+00   -0.6456926071E-01
          56   -0.6550598473E+01   -0.1130962317E+00    0.1402797229E+01
          57   -0.6068677905E+01   -0.1296143653E+00    0.4413906702E+00
          58   -0.4478878826E+01   -0.1331343539E+00   -0.1307629223E+01
          59   -0.5913052027E+01   -0.1154351254E+00   -0.1353390859E-02
          60   -0.6196381146E+01   -0.1449699059E+00    0.3153333374E+00
          61   -0.6196381146E+01   -0.1449699059E+00    0.3153333374E+00
          62   -0.5740069382E+01   -0.1222435939E+00   -0.8030137424E-01
          63   -0.4927680594E+01   -0.1419352542E+00   -0.5194000661E+00
          64   -0.4585238775E+01   -0.1138911582E+00   -0.5470319601E+00
          65   -0.5905439434E+01   -0.1161908419E+00   -0.7103022917E-03
          66   -0.6336810508E+01   -0.1154389386E+00    0.6402129150E+00
          67   -0.6179929200E+01   -0.1089936395E+00    0.4767548059E+00
          68   -0.5363561456E+01   -0.1277819174E+00   -0.1443668618E-01
          69   -0.5117279351E+01   -0.1173846479E+00   -0.7887360525E+00
          70   -0.6471352510E+01   -0.1085273419E+00    0.1377316890E+00
          71   -0.5791109406E+01   -0.1196665451E+00   -0.6206450611E-01
          72   -0.5859510930E+01   -0.1145623693E+00   -0.2977785833E-02
          73   -0.6059922429E+01   -0.1133868912E+00    0.9399804587E-03
          74   -0.5920861481E+01   -0.1300027616E+00    0.3081884758E+00
          75   -0.5872572480E+01   -0.1073658752E+00   -0.1220156751E+00
          76   -0.6202475460E+01   -0.1087743074E+00    0.6387078045E-01
          77   -0.6482022352E+01   -0.1089041923E+00    0.5414572726E-01
          78   -0.8404680358E+01    0.4443960927E+01   -0.2153403280E+00
          79   -0.6035213573E+01   -0.1052710202E+00   -0.1172753727E+00
          80   -0.5929278559E+01   -0.1049418407E+00   -0.1158436552E+00
          81   -0.5332389562E+01   -0.1277335811E+00   -0.3412622022E+00
          82   -0.6658408210E+01   -0.1299954105E+00    0.5362138041E+00
          83   -0.5612473355E+01   -0.1260039971E+00   -0.9970792461E-02
          84   -0.6133127260E+01   -0.1134697503E+00    0.4003233192E-01
          85   -0.5905785863E+01   -0.1163157216E+00   -0.2861017779E-01
          86   -0.5955868167E+01   -0.1153121100E+00   -0.3701673446E-02
          87   -0.5966830848E+01   -0.1149686060E+00   -0.1210952855E-04
          88   -0.5655250148E+01   -0.9421977876E-01   -0.2473667142E+00
          89   -0.6057575135E+01   -0.9718633027E-01   -0.2184917958E+00
          90   -0.7288455802E+01    0.9099048525E-01   -0.8187046163E+00
          91   -0.6413535919E+01   -0.9994897653E-01    0.1489286598E-02
          92   -0.4442320686E+01   -0.1169258013E+00   -0.1487157871E+01
          93   -0.5983523229E+01   -0.9927346560E-01   -0.6742960576E-01
          94   -0.6748476959E+01   -0.1073523867E+00    0.1586908321E+01
          95   -0.8828738793E+01    0.1486923441E+01   -0.3123696297E+01
          96   -0.9894999219E+01    0.8451533009E-01    0.8114812265E-01
          97   -0.4768797562E+01   -0.1252345211E+00   -0.1171669773E+01
          98   -0.6060513742E+01   -0.1086716643E+00   -0.1196412325E-02
          99   -0.6482376445E+01   -0.9925873567E-01    0.1093923935E+00
         100   -0.6211955238E+01   -0.9083972182E-01   -0.2276928288E+00
