Model_ID, [(c_i,i=0,n)_j,j=1,ntask]
           1   -0.3550389618E+01   -0.3339406718E+00   -0.1064562223E+00    0.1124328014E+00   -0.1946232403E+01
           2   -0.3680303479E+01   -0.3360424641E+00   -0.1076990766E+00   -0.1509201507E+01    0.5475774779E-01
           3   -0.3666452440E+01   -0.3389901859E+00   -0.1044317981E+00    0.1164060463E+00   -0.1820061107E+01
           4   -0.4057917153E+01   -0.3337935895E+00   -0.9048182459E-01    0.8844183709E+00   -0.1287432494E+01
           5   -0.4335543445E+01   -0.3321419892E+00   -0.7727832702E-01    0.1528458189E+01   -0.1161774054E+01
           6   -0.3779268343E+01   -0.3409258381E+00   -0.1058354190E+00   -0.1428078692E+01    0.6224128298E-01
           7   -0.3655650029E+01   -0.3352561209E+00   -0.1086790173E+00   -0.2886109358E+01    0.1458445269E+01
           8   -0.5435920050E+01   -0.3326914485E+00   -0.1093513478E+00    0.4838866513E+00    0.2025455108E+01
           9   -0.4989473910E+01   -0.3333251158E+00   -0.1043917891E+00    0.4371207438E+00    0.1989186429E+01
          10   -0.2938491375E+01   -0.3312830470E+00   -0.1161464916E+00   -0.1143143197E+01    0.1763209819E+01
          11   -0.3612363053E+01   -0.3288902955E+00   -0.9175692057E-01   -0.2563106287E+01    0.1523706633E+00
          12   -0.5131107825E+01   -0.3360298439E+00   -0.6745324617E-01    0.1083850240E+01   -0.2264511548E+01
          13   -0.3354865852E+01   -0.3338464544E+00   -0.8155962123E-01   -0.3259070569E+00   -0.2067053655E+01
          14   -0.2936635199E+01   -0.3302741067E+00   -0.9107027271E-01   -0.2775212314E+00   -0.2251535064E+01
          15   -0.6117517566E+01   -0.3444709299E+00   -0.6816130955E-01    0.1850443456E+01    0.3895629887E+00
          16   -0.4522535676E+01   -0.3333753243E+00   -0.6992180262E-01    0.7299684132E+00   -0.2589053092E+01
          17   -0.3673560657E+01   -0.3437186626E+00   -0.9770741574E-01   -0.1957847080E+00    0.6528864461E-01
          18   -0.3668739721E+01   -0.3291855829E+00   -0.9466604271E-01    0.1409077173E+00   -0.2297580816E+01
          19   -0.4204263019E+01   -0.3376884177E+00   -0.8612966842E-01    0.9970355206E+00   -0.1181475171E+01
          20   -0.3061803993E+01   -0.3338518840E+00   -0.7979560723E-01   -0.3320268393E+00   -0.2044894384E+01
          21   -0.4279449469E+01   -0.3384901052E+00   -0.1521810154E+00    0.5449754502E+00    0.1358186979E+00
          22   -0.1834548046E+01   -0.3350954461E+00   -0.1610879802E+00   -0.1419544404E+01    0.1177832527E+00
          23   -0.4207049162E+01   -0.3399494559E+00   -0.7916424232E-01    0.1095568720E+01   -0.1412812048E+00
          24   -0.3237004595E+01   -0.3391851059E+00   -0.8187021520E-01   -0.5713069931E+00    0.1987977831E+00
          25   -0.8032258190E+01   -0.3390044220E+00    0.5910463548E-01    0.2697050077E+01    0.3340354617E+00
          26   -0.4457870712E+01   -0.3357573408E+00   -0.7388930388E-01    0.1583176053E+01   -0.1066184960E+01
          27   -0.4890680695E+01   -0.3355113860E+00   -0.9884585607E-01    0.1410760660E+01    0.1917182134E+00
          28   -0.4890680695E+01   -0.3355113860E+00   -0.9884585606E-01    0.1410760660E+01    0.1917182134E+00
          29   -0.2378370907E+01   -0.3246110173E+00   -0.1109204280E+00   -0.2070308072E+01   -0.3112008087E+00
          30   -0.5031993756E+01   -0.3377537656E+00   -0.8855719919E-01    0.1590229397E+01    0.1904807149E+00
          31   -0.4727190549E+01   -0.3383538894E+00   -0.1524961915E+00    0.5228676532E+00    0.1303909525E+00
          32   -0.3733190113E+01   -0.3325027571E+00   -0.8672654704E-01   -0.2645294338E+01    0.1872562555E+00
          33   -0.5302250311E+01   -0.3379905584E+00    0.4946382371E-01   -0.5780029611E+00   -0.2175235994E+01
          34   -0.5113277422E+01   -0.3385163209E+00   -0.8129144804E-01    0.1844909375E+01    0.1819095035E+00
          35   -0.5574972506E+01   -0.3389916942E+00   -0.5436736972E-01    0.2248989042E-01    0.1465595790E+01
          36   -0.4581305666E+01   -0.3386384918E+00   -0.8388134983E-01    0.1264795187E+01   -0.7296618576E-03
          37   -0.4600753785E+01   -0.3386885720E+00   -0.8362064403E-01    0.1305048712E+01   -0.4831368119E-03
          38   -0.5026847712E+01   -0.3394904201E+00   -0.7801153251E-01    0.1285453202E+01    0.1108747153E+00
          39   -0.5705575615E+01   -0.3515435032E+00   -0.1037442447E+00    0.1233587225E+00    0.4730917824E+00
          40   -0.3214208960E+01   -0.3302042194E+00   -0.9941902404E-01   -0.1691298772E+00   -0.1852909194E+01
          41   -0.4540450240E+01   -0.3381882508E+00   -0.8565055094E-01    0.1346491947E+01   -0.4915361519E-01
          42   -0.4545474391E+01   -0.3392671854E+00   -0.8255533599E-01    0.1300171594E+01   -0.2462736835E-02
          43   -0.4528354692E+01   -0.3379834671E+00   -0.8674472933E-01    0.1329386675E+01   -0.4924188244E-01
          44   -0.3774212848E+01   -0.3405450957E+00   -0.1069569479E+00   -0.3021541024E+01    0.1727494153E+01
          45   -0.6273687735E+01   -0.3473884174E+00   -0.6452064821E-01    0.1937456481E+01    0.4114734905E+00
          46   -0.5527840403E+01   -0.3399640127E+00   -0.5792083165E-01    0.1287392264E+01   -0.2274220666E+01
          47   -0.4329132509E+01   -0.3370697664E+00   -0.9121706486E-01    0.1193134572E+01   -0.4519208938E-02
          48   -0.4874135156E+01   -0.3344546961E+00   -0.8833813545E-01    0.1352333025E+01    0.1604244225E+00
          49   -0.4113637785E+01   -0.3360073353E+00   -0.9705128626E-01    0.1414398216E+01   -0.3183617311E+00
          50   -0.6759415458E+01   -0.3340569892E+00    0.5366955281E-01    0.1937038467E+01   -0.1066238705E+01
          51   -0.4012944387E+01   -0.3434350950E+00   -0.1079712424E+00    0.8157355789E-01   -0.3819323575E-02
          52   -0.3417625564E+01   -0.3379147310E+00   -0.7469643658E-01   -0.3879942141E+00   -0.2042687302E+01
          53   -0.4540404715E+01   -0.3381647513E+00   -0.8685450543E-01    0.1417649070E+01   -0.1547103641E-02
          54   -0.4091837933E+01   -0.3422470520E+00   -0.1089170482E+00    0.7799145142E-01   -0.1040528444E-02
          55   -0.4172862264E+01   -0.3367603281E+00   -0.9312122989E-01   -0.2830708157E+00    0.1470881982E+01
          56   -0.3980359757E+01   -0.3419460614E+00   -0.1140884475E+00    0.8577144848E-01   -0.7487869667E-01
          57   -0.4097188855E+01   -0.3424740954E+00   -0.1096903574E+00    0.8151469789E-01   -0.6966537600E-03
          58   -0.4706826464E+01   -0.3384179235E+00   -0.8093471650E-01    0.1267493334E+01    0.4275055200E-03
          59   -0.3806599979E+01   -0.3329798728E+00   -0.9001452473E-01    0.1729915816E+00   -0.2320205432E+01
          60   -0.4581893860E+01   -0.3393708523E+00   -0.8084581738E-01    0.1366689297E+01   -0.3044360288E-01
          61   -0.2883980210E+01   -0.3309386400E+00   -0.8165487477E-01   -0.2559373934E+01   -0.2759485361E+00
          62   -0.2883980210E+01   -0.3309386400E+00   -0.8165487477E-01   -0.2759485361E+00   -0.2559373934E+01
          63   -0.3975804733E+01   -0.3415300157E+00   -0.1150188139E+00    0.8370218220E-01   -0.7245587730E-01
          64   -0.4686775774E+01   -0.3374016873E+00   -0.9065974839E-01    0.1383887101E+01    0.1950256885E+00
          65   -0.7461270386E+01   -0.3415545634E+00    0.2585593412E+01    0.7031349468E-01   -0.3432676760E+01
          66   -0.5893998586E+01   -0.3566233889E+00   -0.1022538199E+00    0.1326745372E+00    0.5126150974E+00
          67   -0.8305090371E+01   -0.3460388832E+00    0.4654009179E-01    0.2257115179E+01    0.4203769108E+00
          68   -0.3666876157E+01   -0.3267027879E+00   -0.1069586308E+00   -0.2135357480E+01    0.1113373335E+01
          69   -0.4594586979E+01   -0.3386079838E+00   -0.8408832484E-01    0.1400514887E+01   -0.3473347633E-01
          70   -0.3068913743E+01   -0.3379356148E+00   -0.7221098020E-01   -0.3986570368E+00   -0.2013322767E+01
          71   -0.4335510789E+01   -0.3382987569E+00   -0.8650698968E-01    0.1309958621E+01   -0.2763651673E+00
          72   -0.4596856664E+01   -0.3385341860E+00   -0.8452251716E-01    0.1361680951E+01   -0.2777638557E-01
          73   -0.4677387039E+01   -0.3382065891E+00    0.4625847709E-01   -0.5889488537E+00   -0.2118563416E+01
          74   -0.4644677690E+01   -0.3380039253E+00   -0.8093580401E-01    0.1323100700E+01   -0.1054382916E-01
          75   -0.4895428583E+01   -0.3398305621E+00   -0.8134507184E-01    0.1339346730E+01    0.2149780583E+00
          76   -0.5266349856E+01   -0.3415022115E+00   -0.7854565065E-01    0.1998237569E+01    0.2141256622E+00
          77   -0.5326180860E+01   -0.3383771095E+00   -0.9768960320E-01    0.3481365953E+00    0.1915528181E+01
          78   -0.4689870556E+01   -0.3391103576E+00   -0.8135147182E-01    0.1295102738E+01    0.1293076014E+00
          79   -0.2929925610E+01   -0.3339344530E+00   -0.8603626931E-01   -0.3248367635E+00   -0.2266327526E+01
          80   -0.4655049189E+01   -0.3390868828E+00   -0.8210503364E-01    0.1359689300E+01   -0.3102446330E-03
          81   -0.4582337071E+01   -0.3398921215E+00   -0.8680388346E-01    0.1095935984E+01    0.1584182169E-01
          82   -0.4587765017E+01   -0.3389084755E+00   -0.8255182351E-01    0.1328379662E+01   -0.2216003134E+00
          83   -0.4736975601E+01   -0.3394428115E+00   -0.8188409591E-01    0.1304502734E+01    0.2409807054E-01
          84   -0.6936790770E+01   -0.3366159226E+00    0.6112403013E-01    0.1478445341E+01   -0.9684366484E+00
          85   -0.4637561762E+01   -0.3386802292E+00   -0.8406888867E-01    0.1268991293E+01    0.6045072568E-01
          86   -0.4656054992E+01   -0.3384226837E+00   -0.9818434932E-01    0.1589286125E-01    0.1321984258E+01
          87   -0.5003092691E+01   -0.3387124640E+00   -0.9411225844E-01    0.3139006969E+00    0.1886595286E+01
          88   -0.3765523129E+01   -0.3395637987E+00   -0.1173760441E+00    0.7078672911E-01   -0.6437120664E-02
          89   -0.4694653835E+01   -0.3389329551E+00   -0.8254875500E-01    0.1307076881E+01    0.1232574345E+00
          90   -0.4663414442E+01   -0.3391621197E+00   -0.8123603621E-01    0.1340021529E+01   -0.2331911787E-01
          91   -0.3304095970E+01   -0.3258906397E+00   -0.1059434473E+00   -0.2335485729E+01    0.1404115259E-02
          92   -0.4504728928E+01   -0.3423075696E+00   -0.1225185685E+00    0.2347520228E+00    0.1031144885E+00
          93   -0.5828059187E+01   -0.3409607712E+00   -0.4584389864E-01    0.2696553674E-01    0.1542255519E+01
          94   -0.3546595288E+01   -0.3375946013E+00   -0.1023179375E+00   -0.8108390059E+00    0.1723972047E+01
          95   -0.4643035247E+01   -0.3432413120E+00   -0.1020240054E+00    0.1392556347E+00    0.7895255708E-01
          96   -0.4805686728E+01   -0.3368595135E+00   -0.6037134567E-01    0.8605949024E+00   -0.2659003619E+01
          97   -0.3313072715E+01   -0.3421548156E+00   -0.7925471672E-01   -0.5916123870E+00    0.2213444037E+00
          98   -0.3809139016E+01   -0.3477490833E+00   -0.9694891465E-01   -0.1706287306E+00    0.7292126268E-01
          99   -0.5137194446E+01   -0.3425080761E+00   -0.7474968762E-01    0.1344630612E+01    0.1206891963E+00
         100   -0.4380887484E+01   -0.3428920242E+00   -0.7603684514E-01    0.1207891142E+01   -0.1163588146E+00
