        Rank        RMSE       MaxAE  Feature_ID
           1    0.397359    2.255144  (       1       2       9)
           2    0.404135    2.297124  (       1       3       9)
           3    0.405206    2.145651  (       1       2      24)
           4    0.407503    2.363216  (       1       2      17)
           5    0.407709    2.243478  (       1       4       9)
           6    0.410685    2.186022  (       1       3      24)
           7    0.425393    2.445519  (       1       3      17)
           8    0.426727    2.154197  (       1       5      17)
           9    0.432670    2.391364  (       1      11      17)
          10    0.433618    2.389536  (       1       6      43)
          11    0.433866    2.453431  (       1       8      43)
          12    0.438295    2.492940  (       1       2      13)
          13    0.441154    2.506290  (       1       2      15)
          14    0.443428    2.391975  (       1       5      43)
          15    0.443548    2.314580  (       1       2      33)
          16    0.445282    2.141948  (       1       4      24)
          17    0.454465    2.576038  (       1       3      15)
          18    0.455333    2.632956  (       1       2      39)
          19    0.456877    2.400621  (       1       2       6)
          20    0.456976    2.386220  (       1       3      33)
          21    0.457618    2.428118  (       1       2       8)
          22    0.457665    2.572407  (       1       3      13)
          23    0.458961    2.468344  (       1      10      13)
          24    0.461121    2.139881  (       1       2      35)
          25    0.461790    2.426033  (       1       3       6)
          26    0.462374    3.023128  (       1       9      35)
          27    0.462599    2.458510  (       1       3       8)
          28    0.463846    2.453222  (       1      17      21)
          29    0.463846    2.453222  (       1      12      17)
          30    0.467191    2.375980  (       1       4       6)
          31    0.467768    2.412981  (       1       4       8)
          32    0.468607    2.268203  (       1       6      17)
          33    0.469885    2.355460  (       1       6      13)
          34    0.470277    2.572784  (       1       2      30)
          35    0.472053    2.355798  (       1       5      13)
          36    0.472784    2.087910  (       1       7      13)
          37    0.473168    2.627708  (       1       2      14)
          38    0.473985    2.444170  (       1       2       5)
          39    0.474724    2.194545  (       1       3      35)
          40    0.475141    2.567297  (       1       2      25)
          41    0.475397    2.401959  (       1       8      13)
          42    0.475934    2.617493  (       1       9      24)
          43    0.476154    2.395960  (       1       5      22)
          44    0.476433    2.272232  (       1       5       9)
          45    0.476626    2.293235  (       1       2       7)
          46    0.476658    2.410777  (       1      10      17)
          47    0.476835    2.626406  (       1       2      36)
          48    0.477490    2.506053  (       1       2      16)
          49    0.478062    2.217503  (       1       2      23)
          50    0.478322    2.732124  (       1       3      39)
          51    0.479641    2.407195  (       1       6      22)
          52    0.479939    2.727529  (       1       6      35)
          53    0.480067    2.402650  (       1       9      11)
          54    0.480096    2.327912  (       1       8      17)
          55    0.480181    2.462163  (       1       3       5)
          56    0.480545    2.578789  (       1       2      28)
          57    0.481326    2.353741  (       1       9      10)
          58    0.481662    2.615370  (       1       2      22)
          59    0.482333    2.699307  (       1       3      14)
          60    0.483011    2.651913  (       1       3      30)
          61    0.483100    2.451985  (       1       6      37)
          62    0.484463    2.355091  (       1       5      25)
          63    0.484740    2.655280  (       1       2      37)
          64    0.484824    2.441363  (       1       5      37)
          65    0.485069    2.551256  (       1       3      16)
          66    0.485120    2.607041  (       1       2      29)
          67    0.485471    2.293306  (       1       3       7)
          68    0.485526    2.625071  (       1       2      40)
          69    0.485969    2.854018  (       1       8      35)
          70    0.486083    2.237874  (       1      10      33)
          71    0.486334    2.532393  (       1       4      17)
          72    0.486782    2.112102  (       1       7      17)
          73    0.487370    2.180957  (       1       7       9)
          74    0.487421    2.514222  (       1       2      26)
          75    0.487486    2.561590  (       1       2      31)
          76    0.488575    2.104770  (       1       6      14)
          77    0.489040    2.584707  (       1       2       4)
          78    0.489225    2.574506  (       1       2      19)
          79    0.489322    2.578217  (       1       2      10)
          80    0.489702    2.615577  (       1       2      32)
          81    0.489785    2.582228  (       1       2      20)
          82    0.489851    2.645941  (       1       3      25)
          83    0.490199    2.561519  (       1       2       3)
          84    0.490510    2.112874  (       1       5      23)
          85    0.491369    2.599906  (       1       2      11)
          86    0.491480    2.625594  (       1       2      18)
          87    0.491505    2.620331  (       1       2      34)
          88    0.491990    2.429939  (       1       5      18)
          89    0.492513    2.524214  (       1       8      37)
          90    0.492555    2.474527  (       1       8      22)
          91    0.492645    2.582298  (       1       2      27)
          92    0.492781    2.589078  (       1       2      41)
          93    0.492830    2.595885  (       1       2      42)
          94    0.493363    2.603470  (       1       2      21)
          95    0.493363    2.603470  (       1       2      12)
          96    0.493370    2.377493  (       1       6      25)
          97    0.493375    2.606873  (       1       2      43)
          98    0.493381    2.601770  (       1       2      38)
          99    0.493755    2.279110  (       1       3      23)
         100    0.494089    2.404557  (       1       5      36)
