        Rank        RMSE       MaxAE  Feature_ID
           1    0.747078    3.274883  (       1)
           2    0.973400    3.470540  (       2)
           3    0.990088    3.546677  (       3)
           4    1.021278    3.823384  (       4)
           5    1.032847    3.673260  (       5)
           6    1.034274    3.660020  (       6)
           7    1.039960    3.708812  (       7)
           8    1.041491    3.722305  (       8)
           9    1.044888    3.727258  (       9)
          10    1.049353    3.768568  (      10)
          11    1.050656    3.917667  (      11)
          12    1.066075    3.970774  (      12)
          13    1.070442    3.950297  (      13)
          14    1.071494    4.135325  (      14)
          15    1.082536    4.067007  (      15)
          16    1.085586    3.961319  (      16)
          17    1.088975    3.789918  (      17)
          18    1.091197    4.540332  (      18)
          19    1.091382    4.069384  (      19)
          20    1.094128    4.070297  (      20)
