     Index              y_true              y_pred        descriptor_1
         1   -0.8985891273E+01   -0.7960979231E+01    0.7736345414E+01
         2   -0.7809284746E+01   -0.7315036240E+01    0.5802259061E+01
         3   -0.7302604832E+01   -0.6927470445E+01    0.4641807249E+01
         4   -0.9700727949E+01   -0.9252865214E+01    0.1160451812E+02
         5   -0.8429105394E+01   -0.7960979231E+01    0.7736345414E+01
         6   -0.7513851567E+01   -0.7315036240E+01    0.5802259061E+01
         7   -0.7072573084E+01   -0.6927470445E+01    0.4641807249E+01
         8   -0.8486802696E+01   -0.9252865214E+01    0.1160451812E+02
         9   -0.7325354407E+01   -0.7960979231E+01    0.7736345414E+01
        10   -0.6756079115E+01   -0.7315036240E+01    0.5802259061E+01
        11   -0.6331933408E+01   -0.6927470445E+01    0.4641807249E+01
        12   -0.9707014929E+01   -0.9252865214E+01    0.1160451812E+02
        13   -0.8477089695E+01   -0.7960979231E+01    0.7736345414E+01
        14   -0.7349046134E+01   -0.7315036240E+01    0.5802259061E+01
        15   -0.6699618894E+01   -0.6927470445E+01    0.4641807249E+01
        16   -0.1058465083E+02   -0.9252865214E+01    0.1160451812E+02
        17   -0.8737992617E+01   -0.7960979231E+01    0.7736345414E+01
        18   -0.7857762062E+01   -0.7315036240E+01    0.5802259061E+01
        19   -0.7314008898E+01   -0.6927470445E+01    0.4641807249E+01
        20   -0.7882446078E+01   -0.9252865214E+01    0.1160451812E+02
        21   -0.6997385282E+01   -0.7960979231E+01    0.7736345414E+01
        22   -0.6447065451E+01   -0.7315036240E+01    0.5802259061E+01
        23   -0.6099512226E+01   -0.6927470445E+01    0.4641807249E+01
        24   -0.9300845116E+01   -0.7960979231E+01    0.7736345414E+01
        25   -0.8402229237E+01   -0.7315036240E+01    0.5802259061E+01
        26   -0.7647259536E+01   -0.6927470445E+01    0.4641807249E+01
        27   -0.8937083342E+01   -0.9252865214E+01    0.1160451812E+02
        28   -0.7476134100E+01   -0.7960979231E+01    0.7736345414E+01
        29   -0.6439419039E+01   -0.7315036240E+01    0.5802259061E+01
        30   -0.6044958999E+01   -0.6927470445E+01    0.4641807249E+01
        31   -0.7890577984E+01   -0.9252865214E+01    0.1160451812E+02
        32   -0.7318463659E+01   -0.7960979231E+01    0.7736345414E+01
        33   -0.6821893963E+01   -0.7315036240E+01    0.5802259061E+01
        34   -0.6394894827E+01   -0.6927470445E+01    0.4641807249E+01
        35   -0.8886107735E+01   -0.9252865214E+01    0.1160451812E+02
        36   -0.7674632534E+01   -0.7960979231E+01    0.7736345414E+01
        37   -0.7016636987E+01   -0.7315036240E+01    0.5802259061E+01
        38   -0.6543344831E+01   -0.6927470445E+01    0.4641807249E+01
        39   -0.1035408707E+02   -0.9252865214E+01    0.1160451812E+02
        40   -0.8535681043E+01   -0.7960979231E+01    0.7736345414E+01
        41   -0.7794834356E+01   -0.7315036240E+01    0.5802259061E+01
        42   -0.7220717280E+01   -0.6927470445E+01    0.4641807249E+01
        43   -0.9404947488E+01   -0.9252865214E+01    0.1160451812E+02
        44   -0.7915852959E+01   -0.7960979231E+01    0.7736345414E+01
        45   -0.7339019850E+01   -0.7315036240E+01    0.5802259061E+01
        46   -0.6872577825E+01   -0.6927470445E+01    0.4641807249E+01
        47   -0.9964320946E+01   -0.9252865214E+01    0.1160451812E+02
        48   -0.8250322175E+01   -0.7960979231E+01    0.7736345414E+01
        49   -0.7579014753E+01   -0.7315036240E+01    0.5802259061E+01
        50   -0.7058814476E+01   -0.6927470445E+01    0.4641807249E+01
        51   -0.8257174368E+01   -0.9252865214E+01    0.1160451812E+02
        52   -0.7336286271E+01   -0.7960979231E+01    0.7736345414E+01
        53   -0.6807875284E+01   -0.7315036240E+01    0.5802259061E+01
        54   -0.6373681617E+01   -0.6927470445E+01    0.4641807249E+01
        55   -0.7838608532E+01   -0.9252865214E+01    0.1160451812E+02
        56   -0.6968753939E+01   -0.7960979231E+01    0.7736345414E+01
        57   -0.6538576426E+01   -0.7315036240E+01    0.5802259061E+01
        58   -0.6196685620E+01   -0.6927470445E+01    0.4641807249E+01
        59   -0.8066179676E+01   -0.9252865214E+01    0.1160451812E+02
        60   -0.7201876841E+01   -0.7960979231E+01    0.7736345414E+01
        61   -0.6681814603E+01   -0.7315036240E+01    0.5802259061E+01
        62   -0.6312355997E+01   -0.6927470445E+01    0.4641807249E+01
        63   -0.8814767363E+01   -0.9252865214E+01    0.1160451812E+02
        64   -0.7604099765E+01   -0.7960979231E+01    0.7736345414E+01
        65   -0.6948301999E+01   -0.7315036240E+01    0.5802259061E+01
        66   -0.6518686119E+01   -0.6927470445E+01    0.4641807249E+01
        67   -0.7998266669E+01   -0.9252865214E+01    0.1160451812E+02
        68   -0.7064817594E+01   -0.7960979231E+01    0.7736345414E+01
        69   -0.6609165537E+01   -0.7315036240E+01    0.5802259061E+01
        70   -0.6191707090E+01   -0.6927470445E+01    0.4641807249E+01
        71   -0.8498677176E+01   -0.9252865214E+01    0.1160451812E+02
        72   -0.7417949102E+01   -0.7960979231E+01    0.7736345414E+01
        73   -0.6817227608E+01   -0.7315036240E+01    0.5802259061E+01
        74   -0.6427985928E+01   -0.6927470445E+01    0.4641807249E+01
        75   -0.8859097756E+01   -0.9252865214E+01    0.1160451812E+02
        76   -0.7544220281E+01   -0.7960979231E+01    0.7736345414E+01
        77   -0.6838705916E+01   -0.7315036240E+01    0.5802259061E+01
        78   -0.6390182052E+01   -0.6927470445E+01    0.4641807249E+01
        79   -0.8114065145E+01   -0.9252865214E+01    0.1160451812E+02
        80   -0.7035634333E+01   -0.7960979231E+01    0.7736345414E+01
        81   -0.6552085430E+01   -0.7315036240E+01    0.5802259061E+01
        82   -0.6133278189E+01   -0.6927470445E+01    0.4641807249E+01
        83   -0.8373248704E+01   -0.9252865214E+01    0.1160451812E+02
        84   -0.7327403798E+01   -0.7960979231E+01    0.7736345414E+01
        85   -0.6780141083E+01   -0.7315036240E+01    0.5802259061E+01
        86   -0.6347637274E+01   -0.6927470445E+01    0.4641807249E+01
        87   -0.9669969206E+01   -0.9252865214E+01    0.1160451812E+02
        88   -0.8171686177E+01   -0.7960979231E+01    0.7736345414E+01
        89   -0.7504977923E+01   -0.7315036240E+01    0.5802259061E+01
        90   -0.7004644775E+01   -0.6927470445E+01    0.4641807249E+01
        91   -0.8788187942E+01   -0.9252865214E+01    0.1160451812E+02
        92   -0.7549831850E+01   -0.7960979231E+01    0.7736345414E+01
        93   -0.7051707523E+01   -0.7315036240E+01    0.5802259061E+01
        94   -0.6689903384E+01   -0.6927470445E+01    0.4641807249E+01
        95   -0.8882908159E+01   -0.9252865214E+01    0.1160451812E+02
        96   -0.7703309120E+01   -0.7960979231E+01    0.7736345414E+01
        97   -0.6963189662E+01   -0.7315036240E+01    0.5802259061E+01
        98   -0.6649709480E+01   -0.6927470445E+01    0.4641807249E+01
        99   -0.8870992275E+01   -0.9252865214E+01    0.1160451812E+02
       100   -0.7682920433E+01   -0.7960979231E+01    0.7736345414E+01
       101   -0.7056175708E+01   -0.7315036240E+01    0.5802259061E+01
       102   -0.6585778742E+01   -0.6927470445E+01    0.4641807249E+01
       103   -0.8498823453E+01   -0.9252865214E+01    0.1160451812E+02
       104   -0.7312889042E+01   -0.7960979231E+01    0.7736345414E+01
       105   -0.6728360334E+01   -0.7315036240E+01    0.5802259061E+01
       106   -0.6314703278E+01   -0.6927470445E+01    0.4641807249E+01
       107   -0.9832829668E+01   -0.9252865214E+01    0.1160451812E+02
       108   -0.7990853830E+01   -0.7960979231E+01    0.7736345414E+01
       109   -0.7156951524E+01   -0.7315036240E+01    0.5802259061E+01
       110   -0.6769534611E+01   -0.6927470445E+01    0.4641807249E+01
       111   -0.8796708040E+01   -0.9252865214E+01    0.1160451812E+02
       112   -0.7631360842E+01   -0.7960979231E+01    0.7736345414E+01
       113   -0.6898200274E+01   -0.7315036240E+01    0.5802259061E+01
       114   -0.6507269748E+01   -0.6927470445E+01    0.4641807249E+01
       115   -0.9209115123E+01   -0.9252865214E+01    0.1160451812E+02
       116   -0.7699190047E+01   -0.7960979231E+01    0.7736345414E+01
       117   -0.6976562632E+01   -0.7315036240E+01    0.5802259061E+01
       118   -0.6518026947E+01   -0.6927470445E+01    0.4641807249E+01
       119   -0.9185977570E+01   -0.9252865214E+01    0.1160451812E+02
       120   -0.7662536403E+01   -0.7960979231E+01    0.7736345414E+01
       121   -0.6968416208E+01   -0.7315036240E+01    0.5802259061E+01
       122   -0.6533169192E+01   -0.6927470445E+01    0.4641807249E+01
       123   -0.9189391343E+01   -0.9252865214E+01    0.1160451812E+02
       124   -0.7786104000E+01   -0.7960979231E+01    0.7736345414E+01
       125   -0.7249148162E+01   -0.7315036240E+01    0.5802259061E+01
       126   -0.6809951665E+01   -0.6927470445E+01    0.4641807249E+01
       127   -0.9081007405E+01   -0.9252865214E+01    0.1160451812E+02
       128   -0.7641392634E+01   -0.7960979231E+01    0.7736345414E+01
       129   -0.6939259259E+01   -0.7315036240E+01    0.5802259061E+01
       130   -0.6465216890E+01   -0.6927470445E+01    0.4641807249E+01
       131   -0.8800885899E+01   -0.9252865214E+01    0.1160451812E+02
       132   -0.7607668296E+01   -0.7960979231E+01    0.7736345414E+01
       133   -0.6924314021E+01   -0.7315036240E+01    0.5802259061E+01
       134   -0.6509957557E+01   -0.6927470445E+01    0.4641807249E+01
       135   -0.7981166889E+01   -0.9252865214E+01    0.1160451812E+02
       136   -0.7061834978E+01   -0.7960979231E+01    0.7736345414E+01
       137   -0.6461672741E+01   -0.7315036240E+01    0.5802259061E+01
       138   -0.6244505041E+01   -0.6927470445E+01    0.4641807249E+01
       139   -0.8231107142E+01   -0.9252865214E+01    0.1160451812E+02
       140   -0.7216520310E+01   -0.7960979231E+01    0.7736345414E+01
       141   -0.6663088151E+01   -0.7315036240E+01    0.5802259061E+01
       142   -0.6340609399E+01   -0.6927470445E+01    0.4641807249E+01
       143   -0.8228729799E+01   -0.9252865214E+01    0.1160451812E+02
       144   -0.7247450203E+01   -0.7960979231E+01    0.7736345414E+01
       145   -0.6652501465E+01   -0.7315036240E+01    0.5802259061E+01
       146   -0.6236691911E+01   -0.6927470445E+01    0.4641807249E+01
       147   -0.9487380604E+01   -0.9252865214E+01    0.1160451812E+02
       148   -0.8221768049E+01   -0.7960979231E+01    0.7736345414E+01
       149   -0.7450361430E+01   -0.7315036240E+01    0.5802259061E+01
       150   -0.7016113171E+01   -0.6927470445E+01    0.4641807249E+01
       151   -0.8752368839E+01   -0.9252865214E+01    0.1160451812E+02
       152   -0.7713498198E+01   -0.7960979231E+01    0.7736345414E+01
       153   -0.7094603908E+01   -0.7315036240E+01    0.5802259061E+01
       154   -0.6699313268E+01   -0.6927470445E+01    0.4641807249E+01
       155   -0.9019953097E+01   -0.9252865214E+01    0.1160451812E+02
       156   -0.7624860987E+01   -0.7960979231E+01    0.7736345414E+01
       157   -0.6993737985E+01   -0.7315036240E+01    0.5802259061E+01
       158   -0.6554757487E+01   -0.6927470445E+01    0.4641807249E+01
       159   -0.8112079145E+01   -0.9252865214E+01    0.1160451812E+02
       160   -0.7182816003E+01   -0.7960979231E+01    0.7736345414E+01
       161   -0.6702375534E+01   -0.7315036240E+01    0.5802259061E+01
       162   -0.6239370676E+01   -0.6927470445E+01    0.4641807249E+01
       163   -0.9251828213E+01   -0.9252865214E+01    0.1160451812E+02
       164   -0.8040126440E+01   -0.7960979231E+01    0.7736345414E+01
       165   -0.7188974415E+01   -0.7315036240E+01    0.5802259061E+01
       166   -0.6803424363E+01   -0.6927470445E+01    0.4641807249E+01
       167   -0.9597719030E+01   -0.9252865214E+01    0.1160451812E+02
       168   -0.8104813378E+01   -0.7960979231E+01    0.7736345414E+01
       169   -0.7262940904E+01   -0.7315036240E+01    0.5802259061E+01
       170   -0.6845962963E+01   -0.6927470445E+01    0.4641807249E+01
       171   -0.8262879709E+01   -0.9252865214E+01    0.1160451812E+02
       172   -0.7383404575E+01   -0.7960979231E+01    0.7736345414E+01
       173   -0.6696738723E+01   -0.7315036240E+01    0.5802259061E+01
       174   -0.6323207465E+01   -0.6927470445E+01    0.4641807249E+01
       175   -0.8005881486E+01   -0.9252865214E+01    0.1160451812E+02
       176   -0.7201069315E+01   -0.7960979231E+01    0.7736345414E+01
       177   -0.6650704413E+01   -0.7315036240E+01    0.5802259061E+01
       178   -0.6304010513E+01   -0.6927470445E+01    0.4641807249E+01
       179   -0.9117447657E+01   -0.7960979231E+01    0.7736345414E+01
       180   -0.7906094813E+01   -0.7315036240E+01    0.5802259061E+01
       181   -0.7575282667E+01   -0.6927470445E+01    0.4641807249E+01
       182   -0.1123586207E+02   -0.7960979231E+01    0.7736345414E+01
       183   -0.9368553292E+01   -0.7315036240E+01    0.5802259061E+01
       184   -0.7839101782E+01   -0.6927470445E+01    0.4641807249E+01
       185   -0.1083327394E+02   -0.9252865214E+01    0.1160451812E+02
       186   -0.8924123623E+01   -0.7960979231E+01    0.7736345414E+01
       187   -0.8269525237E+01   -0.7315036240E+01    0.5802259061E+01
       188   -0.7467661734E+01   -0.6927470445E+01    0.4641807249E+01
       189   -0.1017717205E+02   -0.9252865214E+01    0.1160451812E+02
       190   -0.9121209243E+01   -0.7960979231E+01    0.7736345414E+01
       191   -0.7713197631E+01   -0.7315036240E+01    0.5802259061E+01
       192   -0.7244152358E+01   -0.6927470445E+01    0.4641807249E+01
       193   -0.1099432812E+02   -0.7960979231E+01    0.7736345414E+01
       194   -0.8231163859E+01   -0.7315036240E+01    0.5802259061E+01
       195   -0.7518007945E+01   -0.6927470445E+01    0.4641807249E+01
       196   -0.1099237132E+02   -0.9252865214E+01    0.1160451812E+02
       197   -0.8716010051E+01   -0.7960979231E+01    0.7736345414E+01
       198   -0.8118851058E+01   -0.7315036240E+01    0.5802259061E+01
       199   -0.7426730353E+01   -0.6927470445E+01    0.4641807249E+01
       200   -0.1130827995E+02   -0.9252865214E+01    0.1160451812E+02
       201   -0.9676956146E+01   -0.7960979231E+01    0.7736345414E+01
       202   -0.8065547352E+01   -0.7315036240E+01    0.5802259061E+01
       203   -0.7388649354E+01   -0.6927470445E+01    0.4641807249E+01
       204   -0.9862453101E+01   -0.9252865214E+01    0.1160451812E+02
       205   -0.9059778696E+01   -0.7960979231E+01    0.7736345414E+01
       206   -0.7849026953E+01   -0.7315036240E+01    0.5802259061E+01
       207   -0.7394169305E+01   -0.6927470445E+01    0.4641807249E+01
       208   -0.1027427011E+02   -0.7960979231E+01    0.7736345414E+01
       209   -0.8801663760E+01   -0.7315036240E+01    0.5802259061E+01
       210   -0.7887276854E+01   -0.6927470445E+01    0.4641807249E+01
       211   -0.8244148094E+01   -0.9252865214E+01    0.1160451812E+02
       212   -0.7328130695E+01   -0.7960979231E+01    0.7736345414E+01
       213   -0.6863905776E+01   -0.7315036240E+01    0.5802259061E+01
       214   -0.6540193235E+01   -0.6927470445E+01    0.4641807249E+01
       215   -0.9684244398E+01   -0.7960979231E+01    0.7736345414E+01
       216   -0.8023093774E+01   -0.7315036240E+01    0.5802259061E+01
       217   -0.7486205960E+01   -0.6927470445E+01    0.4641807249E+01
       218   -0.9042304539E+01   -0.9252865214E+01    0.1160451812E+02
       219   -0.8151459353E+01   -0.7960979231E+01    0.7736345414E+01
       220   -0.7147346225E+01   -0.7315036240E+01    0.5802259061E+01
       221   -0.6919992044E+01   -0.6927470445E+01    0.4641807249E+01
       222   -0.8670368847E+01   -0.7960979231E+01    0.7736345414E+01
       223   -0.7867160475E+01   -0.7315036240E+01    0.5802259061E+01
       224   -0.7311195888E+01   -0.6927470445E+01    0.4641807249E+01
       225   -0.8309664114E+01   -0.7960979231E+01    0.7736345414E+01
       226   -0.7629898202E+01   -0.7315036240E+01    0.5802259061E+01
       227   -0.7129705543E+01   -0.6927470445E+01    0.4641807249E+01
       228   -0.8975723689E+01   -0.9252865214E+01    0.1160451812E+02
       229   -0.7749549811E+01   -0.7960979231E+01    0.7736345414E+01
       230   -0.7153425793E+01   -0.7315036240E+01    0.5802259061E+01
       231   -0.6759493735E+01   -0.6927470445E+01    0.4641807249E+01
       232   -0.1055122552E+02   -0.9252865214E+01    0.1160451812E+02
       233   -0.1056159583E+02   -0.7960979231E+01    0.7736345414E+01
       234   -0.7695487023E+01   -0.7315036240E+01    0.5802259061E+01
       235   -0.7225412690E+01   -0.6927470445E+01    0.4641807249E+01
       236   -0.9171234088E+01   -0.9252865214E+01    0.1160451812E+02
       237   -0.7705159140E+01   -0.7960979231E+01    0.7736345414E+01
       238   -0.6990549343E+01   -0.7315036240E+01    0.5802259061E+01
       239   -0.6708244966E+01   -0.6927470445E+01    0.4641807249E+01
       240   -0.8916748050E+01   -0.9252865214E+01    0.1160451812E+02
       241   -0.7519883736E+01   -0.7960979231E+01    0.7736345414E+01
       242   -0.6984319527E+01   -0.7315036240E+01    0.5802259061E+01
       243   -0.6550700327E+01   -0.6927470445E+01    0.4641807249E+01
       244   -0.1023424694E+02   -0.9252865214E+01    0.1160451812E+02
       245   -0.8429125539E+01   -0.7960979231E+01    0.7736345414E+01
       246   -0.7781706129E+01   -0.7315036240E+01    0.5802259061E+01
       247   -0.7283250941E+01   -0.6927470445E+01    0.4641807249E+01
       248   -0.8625193299E+01   -0.9252865214E+01    0.1160451812E+02
       249   -0.7625517950E+01   -0.7960979231E+01    0.7736345414E+01
       250   -0.7002480550E+01   -0.7315036240E+01    0.5802259061E+01
       251   -0.6572007305E+01   -0.6927470445E+01    0.4641807249E+01
       252   -0.9555894525E+01   -0.7960979231E+01    0.7736345414E+01
       253   -0.8350148991E+01   -0.7315036240E+01    0.5802259061E+01
       254   -0.7975765814E+01   -0.6927470445E+01    0.4641807249E+01
       255   -0.1213949870E+02   -0.9252865214E+01    0.1160451812E+02
       256   -0.9270123286E+01   -0.7960979231E+01    0.7736345414E+01
       257   -0.7962008348E+01   -0.7315036240E+01    0.5802259061E+01
       258   -0.7574622619E+01   -0.6927470445E+01    0.4641807249E+01
       259   -0.9992839120E+01   -0.7960979231E+01    0.7736345414E+01
       260   -0.8359756630E+01   -0.7315036240E+01    0.5802259061E+01
       261   -0.7724045937E+01   -0.6927470445E+01    0.4641807249E+01
       262   -0.8831899827E+01   -0.7960979231E+01    0.7736345414E+01
       263   -0.9038451379E+01   -0.7315036240E+01    0.5802259061E+01
       264   -0.7991661139E+01   -0.6927470445E+01    0.4641807249E+01
       265   -0.9257423594E+01   -0.7960979231E+01    0.7736345414E+01
       266   -0.8015648503E+01   -0.7315036240E+01    0.5802259061E+01
       267   -0.7428046393E+01   -0.6927470445E+01    0.4641807249E+01
       268   -0.8990580138E+01   -0.7960979231E+01    0.7736345414E+01
       269   -0.8063789393E+01   -0.7315036240E+01    0.5802259061E+01
       270   -0.7250593254E+01   -0.6927470445E+01    0.4641807249E+01
       271   -0.1036555793E+02   -0.9252865214E+01    0.1160451812E+02
       272   -0.8581936000E+01   -0.7960979231E+01    0.7736345414E+01
       273   -0.7638621565E+01   -0.7315036240E+01    0.5802259061E+01
       274   -0.7175382860E+01   -0.6927470445E+01    0.4641807249E+01
       275   -0.8725712328E+01   -0.7960979231E+01    0.7736345414E+01
       276   -0.8086257237E+01   -0.7315036240E+01    0.5802259061E+01
       277   -0.7571263661E+01   -0.6927470445E+01    0.4641807249E+01
       278   -0.8182848932E+01   -0.9252865214E+01    0.1160451812E+02
       279   -0.7193335695E+01   -0.7960979231E+01    0.7736345414E+01
       280   -0.6694717580E+01   -0.7315036240E+01    0.5802259061E+01
       281   -0.6320484247E+01   -0.6927470445E+01    0.4641807249E+01
       282   -0.8075092118E+01   -0.9252865214E+01    0.1160451812E+02
       283   -0.7090289058E+01   -0.7960979231E+01    0.7736345414E+01
       284   -0.6596718513E+01   -0.7315036240E+01    0.5802259061E+01
       285   -0.6320334959E+01   -0.6927470445E+01    0.4641807249E+01
       286   -0.8653240890E+01   -0.9252865214E+01    0.1160451812E+02
       287   -0.7470283930E+01   -0.7960979231E+01    0.7736345414E+01
       288   -0.6803226809E+01   -0.7315036240E+01    0.5802259061E+01
       289   -0.6393976241E+01   -0.6927470445E+01    0.4641807249E+01
       290   -0.1118262222E+02   -0.9252865214E+01    0.1160451812E+02
       291   -0.9125246749E+01   -0.7960979231E+01    0.7736345414E+01
       292   -0.8188687604E+01   -0.7315036240E+01    0.5802259061E+01
       293   -0.7453744630E+01   -0.6927470445E+01    0.4641807249E+01
       294   -0.8727540836E+01   -0.9252865214E+01    0.1160451812E+02
       295   -0.7718223327E+01   -0.7960979231E+01    0.7736345414E+01
       296   -0.7046320233E+01   -0.7315036240E+01    0.5802259061E+01
       297   -0.6679987635E+01   -0.6927470445E+01    0.4641807249E+01
       298   -0.8623580345E+01   -0.9252865214E+01    0.1160451812E+02
       299   -0.7526436937E+01   -0.7960979231E+01    0.7736345414E+01
       300   -0.6909561810E+01   -0.7315036240E+01    0.5802259061E+01
       301   -0.6451132906E+01   -0.6927470445E+01    0.4641807249E+01
       302   -0.1078793084E+02   -0.9252865214E+01    0.1160451812E+02
       303   -0.8556232921E+01   -0.7960979231E+01    0.7736345414E+01
       304   -0.7804229903E+01   -0.7315036240E+01    0.5802259061E+01
       305   -0.7235224604E+01   -0.6927470445E+01    0.4641807249E+01
       306   -0.9049273947E+01   -0.9252865214E+01    0.1160451812E+02
       307   -0.7881315813E+01   -0.7960979231E+01    0.7736345414E+01
       308   -0.7291075212E+01   -0.7315036240E+01    0.5802259061E+01
       309   -0.6802415834E+01   -0.6927470445E+01    0.4641807249E+01
       310   -0.9620765762E+01   -0.9252865214E+01    0.1160451812E+02
       311   -0.7863704360E+01   -0.7960979231E+01    0.7736345414E+01
       312   -0.7142618741E+01   -0.7315036240E+01    0.5802259061E+01
       313   -0.6790756373E+01   -0.6927470445E+01    0.4641807249E+01
       314   -0.1029716738E+02   -0.9252865214E+01    0.1160451812E+02
       315   -0.8170444652E+01   -0.7960979231E+01    0.7736345414E+01
       316   -0.7387787588E+01   -0.7315036240E+01    0.5802259061E+01
       317   -0.7003989015E+01   -0.6927470445E+01    0.4641807249E+01
       318   -0.8858139622E+01   -0.9252865214E+01    0.1160451812E+02
       319   -0.7703020460E+01   -0.7960979231E+01    0.7736345414E+01
       320   -0.7066218327E+01   -0.7315036240E+01    0.5802259061E+01
       321   -0.6616003026E+01   -0.6927470445E+01    0.4641807249E+01
       322   -0.9613069726E+01   -0.7960979231E+01    0.7736345414E+01
       323   -0.7739591358E+01   -0.7315036240E+01    0.5802259061E+01
       324   -0.7286240490E+01   -0.6927470445E+01    0.4641807249E+01
       325   -0.8533450122E+01   -0.9252865214E+01    0.1160451812E+02
       326   -0.7523114538E+01   -0.7960979231E+01    0.7736345414E+01
       327   -0.7072862025E+01   -0.7315036240E+01    0.5802259061E+01
       328   -0.6608336551E+01   -0.6927470445E+01    0.4641807249E+01
       329   -0.9875343343E+01   -0.9252865214E+01    0.1160451812E+02
       330   -0.8620040756E+01   -0.7960979231E+01    0.7736345414E+01
       331   -0.7163875379E+01   -0.7315036240E+01    0.5802259061E+01
       332   -0.6693147978E+01   -0.6927470445E+01    0.4641807249E+01
       333   -0.8564216667E+01   -0.9252865214E+01    0.1160451812E+02
       334   -0.7529829460E+01   -0.7960979231E+01    0.7736345414E+01
       335   -0.6872645311E+01   -0.7315036240E+01    0.5802259061E+01
       336   -0.6449593552E+01   -0.6927470445E+01    0.4641807249E+01
       337   -0.1064316884E+02   -0.9252865214E+01    0.1160451812E+02
       338   -0.8706146691E+01   -0.7960979231E+01    0.7736345414E+01
       339   -0.7921845461E+01   -0.7315036240E+01    0.5802259061E+01
       340   -0.7271927400E+01   -0.6927470445E+01    0.4641807249E+01
       341   -0.7847913845E+01   -0.9252865214E+01    0.1160451812E+02
       342   -0.7046572847E+01   -0.7960979231E+01    0.7736345414E+01
       343   -0.6571506853E+01   -0.7315036240E+01    0.5802259061E+01
       344   -0.6265244240E+01   -0.6927470445E+01    0.4641807249E+01
       345   -0.8241719463E+01   -0.9252865214E+01    0.1160451812E+02
       346   -0.7346280086E+01   -0.7960979231E+01    0.7736345414E+01
       347   -0.6841247760E+01   -0.7315036240E+01    0.5802259061E+01
       348   -0.6421552443E+01   -0.6927470445E+01    0.4641807249E+01
       349   -0.1109068191E+02   -0.9252865214E+01    0.1160451812E+02
       350   -0.8993760716E+01   -0.7960979231E+01    0.7736345414E+01
       351   -0.8026228293E+01   -0.7315036240E+01    0.5802259061E+01
       352   -0.7457896047E+01   -0.6927470445E+01    0.4641807249E+01
       353   -0.8643214569E+01   -0.7960979231E+01    0.7736345414E+01
       354   -0.7680789746E+01   -0.7315036240E+01    0.5802259061E+01
       355   -0.7157987308E+01   -0.6927470445E+01    0.4641807249E+01
       356   -0.9855463396E+01   -0.9252865214E+01    0.1160451812E+02
       357   -0.8152278240E+01   -0.7960979231E+01    0.7736345414E+01
       358   -0.7434635931E+01   -0.7315036240E+01    0.5802259061E+01
       359   -0.6977397576E+01   -0.6927470445E+01    0.4641807249E+01
       360   -0.9843137792E+01   -0.9252865214E+01    0.1160451812E+02
       361   -0.8456620806E+01   -0.7960979231E+01    0.7736345414E+01
       362   -0.7499707448E+01   -0.7315036240E+01    0.5802259061E+01
       363   -0.7030328758E+01   -0.6927470445E+01    0.4641807249E+01
       364   -0.7791704434E+01   -0.9252865214E+01    0.1160451812E+02
       365   -0.6974907560E+01   -0.7960979231E+01    0.7736345414E+01
       366   -0.6294097184E+01   -0.7315036240E+01    0.5802259061E+01
       367   -0.5877892499E+01   -0.6927470445E+01    0.4641807249E+01
       368   -0.9042671476E+01   -0.7960979231E+01    0.7736345414E+01
       369   -0.7890296129E+01   -0.7315036240E+01    0.5802259061E+01
       370   -0.7161578810E+01   -0.6927470445E+01    0.4641807249E+01
       371   -0.1016339623E+02   -0.9252865214E+01    0.1160451812E+02
       372   -0.8087757357E+01   -0.7960979231E+01    0.7736345414E+01
       373   -0.7519269571E+01   -0.7315036240E+01    0.5802259061E+01
       374   -0.7138142628E+01   -0.6927470445E+01    0.4641807249E+01
       375   -0.8665593437E+01   -0.9252865214E+01    0.1160451812E+02
       376   -0.7544563526E+01   -0.7960979231E+01    0.7736345414E+01
       377   -0.6898038045E+01   -0.7315036240E+01    0.5802259061E+01
       378   -0.6399134063E+01   -0.6927470445E+01    0.4641807249E+01
       379   -0.8537505599E+01   -0.9252865214E+01    0.1160451812E+02
       380   -0.7469642470E+01   -0.7960979231E+01    0.7736345414E+01
       381   -0.6792532585E+01   -0.7315036240E+01    0.5802259061E+01
       382   -0.6385910965E+01   -0.6927470445E+01    0.4641807249E+01
       383   -0.8485582612E+01   -0.9252865214E+01    0.1160451812E+02
       384   -0.7363757231E+01   -0.7960979231E+01    0.7736345414E+01
       385   -0.6776854130E+01   -0.7315036240E+01    0.5802259061E+01
       386   -0.6326662971E+01   -0.6927470445E+01    0.4641807249E+01
       387   -0.9031430462E+01   -0.9252865214E+01    0.1160451812E+02
       388   -0.7631099640E+01   -0.7960979231E+01    0.7736345414E+01
       389   -0.7008450361E+01   -0.7315036240E+01    0.5802259061E+01
       390   -0.6568818368E+01   -0.6927470445E+01    0.4641807249E+01
       391   -0.8808404150E+01   -0.9252865214E+01    0.1160451812E+02
       392   -0.7677901653E+01   -0.7960979231E+01    0.7736345414E+01
       393   -0.6945917896E+01   -0.7315036240E+01    0.5802259061E+01
       394   -0.6516167010E+01   -0.6927470445E+01    0.4641807249E+01
       395   -0.8696223570E+01   -0.7960979231E+01    0.7736345414E+01
       396   -0.7516907695E+01   -0.7315036240E+01    0.5802259061E+01
       397   -0.7286831555E+01   -0.6927470445E+01    0.4641807249E+01
       398   -0.8896162679E+01   -0.9252865214E+01    0.1160451812E+02
       399   -0.7565959537E+01   -0.7960979231E+01    0.7736345414E+01
       400   -0.6928735125E+01   -0.7315036240E+01    0.5802259061E+01
       401   -0.6487563870E+01   -0.6927470445E+01    0.4641807249E+01
       402   -0.7912954003E+01   -0.9252865214E+01    0.1160451812E+02
       403   -0.7014914300E+01   -0.7960979231E+01    0.7736345414E+01
       404   -0.6532934344E+01   -0.7315036240E+01    0.5802259061E+01
       405   -0.6288187203E+01   -0.6927470445E+01    0.4641807249E+01
       406   -0.7983367704E+01   -0.9252865214E+01    0.1160451812E+02
       407   -0.7207681472E+01   -0.7960979231E+01    0.7736345414E+01
       408   -0.6668304772E+01   -0.7315036240E+01    0.5802259061E+01
       409   -0.6319942448E+01   -0.6927470445E+01    0.4641807249E+01
       410   -0.8564308908E+01   -0.9252865214E+01    0.1160451812E+02
       411   -0.7509292389E+01   -0.7960979231E+01    0.7736345414E+01
       412   -0.6881325931E+01   -0.7315036240E+01    0.5802259061E+01
       413   -0.6537583518E+01   -0.6927470445E+01    0.4641807249E+01
       414   -0.1010794675E+02   -0.9252865214E+01    0.1160451812E+02
       415   -0.8477868157E+01   -0.7960979231E+01    0.7736345414E+01
       416   -0.7673147399E+01   -0.7315036240E+01    0.5802259061E+01
       417   -0.7162372083E+01   -0.6927470445E+01    0.4641807249E+01
       418   -0.8653091955E+01   -0.9252865214E+01    0.1160451812E+02
       419   -0.7539884127E+01   -0.7960979231E+01    0.7736345414E+01
       420   -0.6943281736E+01   -0.7315036240E+01    0.5802259061E+01
       421   -0.6535837992E+01   -0.6927470445E+01    0.4641807249E+01
       422   -0.8274088986E+01   -0.9252865214E+01    0.1160451812E+02
       423   -0.7366133783E+01   -0.7960979231E+01    0.7736345414E+01
       424   -0.6816757840E+01   -0.7315036240E+01    0.5802259061E+01
       425   -0.6451351396E+01   -0.6927470445E+01    0.4641807249E+01
       426   -0.9209932455E+01   -0.9252865214E+01    0.1160451812E+02
       427   -0.7545797041E+01   -0.7960979231E+01    0.7736345414E+01
       428   -0.6855696273E+01   -0.7315036240E+01    0.5802259061E+01
       429   -0.6442173600E+01   -0.6927470445E+01    0.4641807249E+01
       430   -0.7775641159E+01   -0.9252865214E+01    0.1160451812E+02
       431   -0.6962478766E+01   -0.7960979231E+01    0.7736345414E+01
       432   -0.6488405872E+01   -0.7315036240E+01    0.5802259061E+01
       433   -0.6220927524E+01   -0.6927470445E+01    0.4641807249E+01
       434   -0.9282131799E+01   -0.9252865214E+01    0.1160451812E+02
       435   -0.8096890047E+01   -0.7960979231E+01    0.7736345414E+01
       436   -0.7259959090E+01   -0.7315036240E+01    0.5802259061E+01
       437   -0.7022268329E+01   -0.6927470445E+01    0.4641807249E+01
       438   -0.9108266752E+01   -0.9252865214E+01    0.1160451812E+02
       439   -0.8024199618E+01   -0.7960979231E+01    0.7736345414E+01
       440   -0.7259808349E+01   -0.7315036240E+01    0.5802259061E+01
       441   -0.6852445083E+01   -0.6927470445E+01    0.4641807249E+01
       442   -0.9049368438E+01   -0.9252865214E+01    0.1160451812E+02
       443   -0.7665348612E+01   -0.7960979231E+01    0.7736345414E+01
       444   -0.7154923628E+01   -0.7315036240E+01    0.5802259061E+01
       445   -0.6743754188E+01   -0.6927470445E+01    0.4641807249E+01
       446   -0.1069283731E+02   -0.9252865214E+01    0.1160451812E+02
       447   -0.8464325163E+01   -0.7960979231E+01    0.7736345414E+01
       448   -0.7940764676E+01   -0.7315036240E+01    0.5802259061E+01
       449   -0.7377234886E+01   -0.6927470445E+01    0.4641807249E+01
       450   -0.1040031166E+02   -0.9252865214E+01    0.1160451812E+02
       451   -0.1020243821E+02   -0.7960979231E+01    0.7736345414E+01
       452   -0.7943072820E+01   -0.7315036240E+01    0.5802259061E+01
       453   -0.7396214734E+01   -0.6927470445E+01    0.4641807249E+01
       454   -0.7967966325E+01   -0.9252865214E+01    0.1160451812E+02
       455   -0.7095106101E+01   -0.7960979231E+01    0.7736345414E+01
       456   -0.6552591256E+01   -0.7315036240E+01    0.5802259061E+01
       457   -0.6257023706E+01   -0.6927470445E+01    0.4641807249E+01
       458   -0.7807392454E+01   -0.9252865214E+01    0.1160451812E+02
       459   -0.6975024030E+01   -0.7960979231E+01    0.7736345414E+01
       460   -0.6509756710E+01   -0.7315036240E+01    0.5802259061E+01
       461   -0.6213954312E+01   -0.6927470445E+01    0.4641807249E+01
       462   -0.9034082999E+01   -0.9252865214E+01    0.1160451812E+02
       463   -0.7729206624E+01   -0.7960979231E+01    0.7736345414E+01
       464   -0.7071152359E+01   -0.7315036240E+01    0.5802259061E+01
       465   -0.6676267280E+01   -0.6927470445E+01    0.4641807249E+01
       466   -0.7941726271E+01   -0.9252865214E+01    0.1160451812E+02
       467   -0.6998259367E+01   -0.7960979231E+01    0.7736345414E+01
       468   -0.6450176963E+01   -0.7315036240E+01    0.5802259061E+01
       469   -0.6189789982E+01   -0.6927470445E+01    0.4641807249E+01
       470   -0.9054932768E+01   -0.9252865214E+01    0.1160451812E+02
       471   -0.7657732951E+01   -0.7960979231E+01    0.7736345414E+01
       472   -0.7158691622E+01   -0.7315036240E+01    0.5802259061E+01
       473   -0.6723959892E+01   -0.6927470445E+01    0.4641807249E+01
       474   -0.9275595950E+01   -0.9252865214E+01    0.1160451812E+02
       475   -0.7867626494E+01   -0.7960979231E+01    0.7736345414E+01
       476   -0.7224484361E+01   -0.7315036240E+01    0.5802259061E+01
       477   -0.6749545676E+01   -0.6927470445E+01    0.4641807249E+01
       478   -0.9632709552E+01   -0.9252865214E+01    0.1160451812E+02
       479   -0.8399431489E+01   -0.7960979231E+01    0.7736345414E+01
       480   -0.7725630884E+01   -0.7315036240E+01    0.5802259061E+01
       481   -0.7275255029E+01   -0.6927470445E+01    0.4641807249E+01
       482   -0.1063479777E+02   -0.9252865214E+01    0.1160451812E+02
       483   -0.8487798480E+01   -0.7960979231E+01    0.7736345414E+01
       484   -0.7720189726E+01   -0.7315036240E+01    0.5802259061E+01
       485   -0.7229516574E+01   -0.6927470445E+01    0.4641807249E+01
       486   -0.8792038015E+01   -0.9252865214E+01    0.1160451812E+02
       487   -0.7690440152E+01   -0.7960979231E+01    0.7736345414E+01
       488   -0.7038085287E+01   -0.7315036240E+01    0.5802259061E+01
       489   -0.6707876179E+01   -0.6927470445E+01    0.4641807249E+01
       490   -0.1015367091E+02   -0.9252865214E+01    0.1160451812E+02
       491   -0.9412589980E+01   -0.7960979231E+01    0.7736345414E+01
       492   -0.7655729781E+01   -0.7315036240E+01    0.5802259061E+01
       493   -0.7331394999E+01   -0.6927470445E+01    0.4641807249E+01
       494   -0.8695901882E+01   -0.9252865214E+01    0.1160451812E+02
       495   -0.7644187694E+01   -0.7960979231E+01    0.7736345414E+01
       496   -0.6987632925E+01   -0.7315036240E+01    0.5802259061E+01
       497   -0.6577936844E+01   -0.6927470445E+01    0.4641807249E+01
       498   -0.1018250329E+02   -0.9252865214E+01    0.1160451812E+02
       499   -0.8461698884E+01   -0.7960979231E+01    0.7736345414E+01
       500   -0.7508982566E+01   -0.7315036240E+01    0.5802259061E+01
       501   -0.7070875683E+01   -0.6927470445E+01    0.4641807249E+01
       502   -0.9481375117E+01   -0.9252865214E+01    0.1160451812E+02
       503   -0.7817074618E+01   -0.7960979231E+01    0.7736345414E+01
       504   -0.7120812865E+01   -0.7315036240E+01    0.5802259061E+01
       505   -0.6719110257E+01   -0.6927470445E+01    0.4641807249E+01
       506   -0.1018406426E+02   -0.9252865214E+01    0.1160451812E+02
       507   -0.8184298418E+01   -0.7960979231E+01    0.7736345414E+01
       508   -0.7514248546E+01   -0.7315036240E+01    0.5802259061E+01
       509   -0.7056050552E+01   -0.6927470445E+01    0.4641807249E+01
       510   -0.8691065742E+01   -0.9252865214E+01    0.1160451812E+02
       511   -0.7460589712E+01   -0.7960979231E+01    0.7736345414E+01
       512   -0.6904712014E+01   -0.7315036240E+01    0.5802259061E+01
       513   -0.6417847067E+01   -0.6927470445E+01    0.4641807249E+01
       514   -0.9781052244E+01   -0.9252865214E+01    0.1160451812E+02
       515   -0.8498704662E+01   -0.7960979231E+01    0.7736345414E+01
       516   -0.7700822026E+01   -0.7315036240E+01    0.5802259061E+01
       517   -0.7180895203E+01   -0.6927470445E+01    0.4641807249E+01
       518   -0.8697347898E+01   -0.9252865214E+01    0.1160451812E+02
       519   -0.7523409893E+01   -0.7960979231E+01    0.7736345414E+01
       520   -0.6856044907E+01   -0.7315036240E+01    0.5802259061E+01
       521   -0.6477865757E+01   -0.6927470445E+01    0.4641807249E+01
       522   -0.9020624554E+01   -0.7960979231E+01    0.7736345414E+01
       523   -0.7993409487E+01   -0.7315036240E+01    0.5802259061E+01
       524   -0.7561891384E+01   -0.6927470445E+01    0.4641807249E+01
       525   -0.8690668393E+01   -0.9252865214E+01    0.1160451812E+02
       526   -0.7694975365E+01   -0.7960979231E+01    0.7736345414E+01
       527   -0.6986343503E+01   -0.7315036240E+01    0.5802259061E+01
       528   -0.6582522397E+01   -0.6927470445E+01    0.4641807249E+01
       529   -0.1082403232E+02   -0.9252865214E+01    0.1160451812E+02
       530   -0.9142833137E+01   -0.7960979231E+01    0.7736345414E+01
       531   -0.8048916052E+01   -0.7315036240E+01    0.5802259061E+01
       532   -0.7443094760E+01   -0.6927470445E+01    0.4641807249E+01
       533   -0.9911870592E+01   -0.9252865214E+01    0.1160451812E+02
       534   -0.8383151929E+01   -0.7960979231E+01    0.7736345414E+01
       535   -0.7681533073E+01   -0.7315036240E+01    0.5802259061E+01
       536   -0.7178641855E+01   -0.6927470445E+01    0.4641807249E+01
       537   -0.1053341959E+02   -0.9252865214E+01    0.1160451812E+02
       538   -0.8627450119E+01   -0.7960979231E+01    0.7736345414E+01
       539   -0.7698662598E+01   -0.7315036240E+01    0.5802259061E+01
       540   -0.7476114858E+01   -0.6927470445E+01    0.4641807249E+01
       541   -0.8806333660E+01   -0.9252865214E+01    0.1160451812E+02
       542   -0.7589866579E+01   -0.7960979231E+01    0.7736345414E+01
       543   -0.6970845463E+01   -0.7315036240E+01    0.5802259061E+01
       544   -0.6445220913E+01   -0.6927470445E+01    0.4641807249E+01
       545   -0.8421823013E+01   -0.9252865214E+01    0.1160451812E+02
       546   -0.7398897400E+01   -0.7960979231E+01    0.7736345414E+01
       547   -0.6770836679E+01   -0.7315036240E+01    0.5802259061E+01
       548   -0.6293595463E+01   -0.6927470445E+01    0.4641807249E+01
       549   -0.8061974574E+01   -0.9252865214E+01    0.1160451812E+02
       550   -0.7197394198E+01   -0.7960979231E+01    0.7736345414E+01
       551   -0.6679312593E+01   -0.7315036240E+01    0.5802259061E+01
       552   -0.6348553462E+01   -0.6927470445E+01    0.4641807249E+01
       553   -0.9308525581E+01   -0.9252865214E+01    0.1160451812E+02
       554   -0.7867365131E+01   -0.7960979231E+01    0.7736345414E+01
       555   -0.7149724552E+01   -0.7315036240E+01    0.5802259061E+01
       556   -0.6641219037E+01   -0.6927470445E+01    0.4641807249E+01
       557   -0.9136757252E+01   -0.9252865214E+01    0.1160451812E+02
       558   -0.7847924599E+01   -0.7960979231E+01    0.7736345414E+01
       559   -0.7113297276E+01   -0.7315036240E+01    0.5802259061E+01
       560   -0.6644294001E+01   -0.6927470445E+01    0.4641807249E+01
       561   -0.9383465942E+01   -0.9252865214E+01    0.1160451812E+02
       562   -0.7939353893E+01   -0.7960979231E+01    0.7736345414E+01
       563   -0.7161881886E+01   -0.7315036240E+01    0.5802259061E+01
       564   -0.6664023213E+01   -0.6927470445E+01    0.4641807249E+01
       565   -0.1042153586E+02   -0.9252865214E+01    0.1160451812E+02
       566   -0.7920485328E+01   -0.7960979231E+01    0.7736345414E+01
       567   -0.7118161792E+01   -0.7315036240E+01    0.5802259061E+01
       568   -0.6763143983E+01   -0.6927470445E+01    0.4641807249E+01
       569   -0.8707016819E+01   -0.9252865214E+01    0.1160451812E+02
       570   -0.7450341128E+01   -0.7960979231E+01    0.7736345414E+01
       571   -0.6828553140E+01   -0.7315036240E+01    0.5802259061E+01
       572   -0.6432394960E+01   -0.6927470445E+01    0.4641807249E+01
       573   -0.8395680232E+01   -0.9252865214E+01    0.1160451812E+02
       574   -0.7353216004E+01   -0.7960979231E+01    0.7736345414E+01
       575   -0.6832541411E+01   -0.7315036240E+01    0.5802259061E+01
       576   -0.6415076070E+01   -0.6927470445E+01    0.4641807249E+01
       577   -0.8302116490E+01   -0.9252865214E+01    0.1160451812E+02
       578   -0.7336711096E+01   -0.7960979231E+01    0.7736345414E+01
       579   -0.6701819414E+01   -0.7315036240E+01    0.5802259061E+01
       580   -0.6401984851E+01   -0.6927470445E+01    0.4641807249E+01
       581   -0.8570806016E+01   -0.9252865214E+01    0.1160451812E+02
       582   -0.7389049609E+01   -0.7960979231E+01    0.7736345414E+01
       583   -0.6893833538E+01   -0.7315036240E+01    0.5802259061E+01
       584   -0.6415590287E+01   -0.6927470445E+01    0.4641807249E+01
       585   -0.8803186025E+01   -0.9252865214E+01    0.1160451812E+02
       586   -0.7556402437E+01   -0.7960979231E+01    0.7736345414E+01
       587   -0.7120786013E+01   -0.7315036240E+01    0.5802259061E+01
       588   -0.6483463641E+01   -0.6927470445E+01    0.4641807249E+01
       589   -0.8686950609E+01   -0.9252865214E+01    0.1160451812E+02
       590   -0.7532229186E+01   -0.7960979231E+01    0.7736345414E+01
       591   -0.6928567458E+01   -0.7315036240E+01    0.5802259061E+01
       592   -0.6533142102E+01   -0.6927470445E+01    0.4641807249E+01
       593   -0.8423701938E+01   -0.9252865214E+01    0.1160451812E+02
       594   -0.7383399426E+01   -0.7960979231E+01    0.7736345414E+01
       595   -0.6800189058E+01   -0.7315036240E+01    0.5802259061E+01
       596   -0.6385856727E+01   -0.6927470445E+01    0.4641807249E+01
       597   -0.8621110305E+01   -0.9252865214E+01    0.1160451812E+02
       598   -0.7419940493E+01   -0.7960979231E+01    0.7736345414E+01
       599   -0.7002072112E+01   -0.7315036240E+01    0.5802259061E+01
       600   -0.6457283855E+01   -0.6927470445E+01    0.4641807249E+01
       601   -0.9921215773E+01   -0.9252865214E+01    0.1160451812E+02
       602   -0.8249319134E+01   -0.7960979231E+01    0.7736345414E+01
       603   -0.7571915471E+01   -0.7315036240E+01    0.5802259061E+01
       604   -0.7039490001E+01   -0.6927470445E+01    0.4641807249E+01
       605   -0.1100939035E+02   -0.9252865214E+01    0.1160451812E+02
       606   -0.9400269191E+01   -0.7960979231E+01    0.7736345414E+01
       607   -0.8320318054E+01   -0.7315036240E+01    0.5802259061E+01
       608   -0.7739859056E+01   -0.6927470445E+01    0.4641807249E+01
       609   -0.9966122819E+01   -0.7960979231E+01    0.7736345414E+01
       610   -0.8819911747E+01   -0.7315036240E+01    0.5802259061E+01
       611   -0.7930618650E+01   -0.6927470445E+01    0.4641807249E+01
       612   -0.1007241047E+02   -0.9252865214E+01    0.1160451812E+02
       613   -0.8477713377E+01   -0.7960979231E+01    0.7736345414E+01
       614   -0.7890951063E+01   -0.7315036240E+01    0.5802259061E+01
       615   -0.7167136168E+01   -0.6927470445E+01    0.4641807249E+01
       616   -0.1090669876E+02   -0.9252865214E+01    0.1160451812E+02
       617   -0.8528006444E+01   -0.7315036240E+01    0.5802259061E+01
       618   -0.7762226339E+01   -0.6927470445E+01    0.4641807249E+01
       619   -0.9576325666E+01   -0.7960979231E+01    0.7736345414E+01
       620   -0.7897357569E+01   -0.7315036240E+01    0.5802259061E+01
       621   -0.7324989775E+01   -0.6927470445E+01    0.4641807249E+01
       622   -0.8819737157E+01   -0.7960979231E+01    0.7736345414E+01
       623   -0.7803542649E+01   -0.7315036240E+01    0.5802259061E+01
       624   -0.7421083365E+01   -0.6927470445E+01    0.4641807249E+01
       625   -0.1084483459E+02   -0.9252865214E+01    0.1160451812E+02
       626   -0.9032169082E+01   -0.7960979231E+01    0.7736345414E+01
       627   -0.7969454804E+01   -0.7315036240E+01    0.5802259061E+01
       628   -0.7251466192E+01   -0.6927470445E+01    0.4641807249E+01
       629   -0.8711198539E+01   -0.7960979231E+01    0.7736345414E+01
       630   -0.7647430285E+01   -0.7315036240E+01    0.5802259061E+01
       631   -0.6971389356E+01   -0.6927470445E+01    0.4641807249E+01
       632   -0.9122247996E+01   -0.9252865214E+01    0.1160451812E+02
       633   -0.7712870982E+01   -0.7960979231E+01    0.7736345414E+01
       634   -0.7110512917E+01   -0.7315036240E+01    0.5802259061E+01
       635   -0.6594166819E+01   -0.6927470445E+01    0.4641807249E+01
       636   -0.1044099602E+02   -0.9252865214E+01    0.1160451812E+02
       637   -0.9214511057E+01   -0.7960979231E+01    0.7736345414E+01
       638   -0.8100820455E+01   -0.7315036240E+01    0.5802259061E+01
       639   -0.7404426550E+01   -0.6927470445E+01    0.4641807249E+01
       640   -0.8608926974E+01   -0.9252865214E+01    0.1160451812E+02
       641   -0.7737540157E+01   -0.7960979231E+01    0.7736345414E+01
       642   -0.7085556388E+01   -0.7315036240E+01    0.5802259061E+01
       643   -0.6753307786E+01   -0.6927470445E+01    0.4641807249E+01
       644   -0.9402411704E+01   -0.7960979231E+01    0.7736345414E+01
       645   -0.8805285348E+01   -0.7315036240E+01    0.5802259061E+01
       646   -0.7706929864E+01   -0.6927470445E+01    0.4641807249E+01
       647   -0.9358526045E+01   -0.7960979231E+01    0.7736345414E+01
       648   -0.8047086130E+01   -0.7315036240E+01    0.5802259061E+01
       649   -0.7362308168E+01   -0.6927470445E+01    0.4641807249E+01
       650   -0.8197859484E+01   -0.7315036240E+01    0.5802259061E+01
       651   -0.7387915916E+01   -0.6927470445E+01    0.4641807249E+01
       652   -0.1055677961E+02   -0.9252865214E+01    0.1160451812E+02
       653   -0.8603075751E+01   -0.7960979231E+01    0.7736345414E+01
       654   -0.7583883114E+01   -0.7315036240E+01    0.5802259061E+01
       655   -0.7403321587E+01   -0.6927470445E+01    0.4641807249E+01
       656   -0.8628705927E+01   -0.7960979231E+01    0.7736345414E+01
       657   -0.7832356951E+01   -0.7315036240E+01    0.5802259061E+01
       658   -0.7255515648E+01   -0.6927470445E+01    0.4641807249E+01
       659   -0.1086044925E+02   -0.9252865214E+01    0.1160451812E+02
       660   -0.8675341685E+01   -0.7960979231E+01    0.7736345414E+01
       661   -0.7862371385E+01   -0.7315036240E+01    0.5802259061E+01
       662   -0.7332850860E+01   -0.6927470445E+01    0.4641807249E+01
       663   -0.9126167436E+01   -0.7960979231E+01    0.7736345414E+01
       664   -0.8172966102E+01   -0.7315036240E+01    0.5802259061E+01
       665   -0.7684392987E+01   -0.6927470445E+01    0.4641807249E+01
       666   -0.9910129562E+01   -0.7960979231E+01    0.7736345414E+01
       667   -0.7898239256E+01   -0.7315036240E+01    0.5802259061E+01
       668   -0.7403513324E+01   -0.6927470445E+01    0.4641807249E+01
       669   -0.9339819415E+01   -0.9252865214E+01    0.1160451812E+02
       670   -0.7618535614E+01   -0.7960979231E+01    0.7736345414E+01
       671   -0.8103555900E+01   -0.7315036240E+01    0.5802259061E+01
       672   -0.6658150066E+01   -0.6927470445E+01    0.4641807249E+01
       673   -0.9434565758E+01   -0.9252865214E+01    0.1160451812E+02
       674   -0.8134175826E+01   -0.7960979231E+01    0.7736345414E+01
       675   -0.7355911941E+01   -0.7315036240E+01    0.5802259061E+01
       676   -0.6870023462E+01   -0.6927470445E+01    0.4641807249E+01
       677   -0.1045242357E+02   -0.9252865214E+01    0.1160451812E+02
       678   -0.9255312634E+01   -0.7960979231E+01    0.7736345414E+01
       679   -0.8574625819E+01   -0.7315036240E+01    0.5802259061E+01
       680   -0.7634187925E+01   -0.6927470445E+01    0.4641807249E+01
       681   -0.8764466155E+01   -0.9252865214E+01    0.1160451812E+02
       682   -0.7431850894E+01   -0.7960979231E+01    0.7736345414E+01
       683   -0.6847206895E+01   -0.7315036240E+01    0.5802259061E+01
       684   -0.6471648977E+01   -0.6927470445E+01    0.4641807249E+01
       685   -0.7718153387E+01   -0.9252865214E+01    0.1160451812E+02
       686   -0.6917179144E+01   -0.7960979231E+01    0.7736345414E+01
       687   -0.6410039637E+01   -0.7315036240E+01    0.5802259061E+01
       688   -0.6049060864E+01   -0.6927470445E+01    0.4641807249E+01
       689   -0.1099963488E+02   -0.9252865214E+01    0.1160451812E+02
       690   -0.7889474795E+01   -0.7960979231E+01    0.7736345414E+01
       691   -0.7726757108E+01   -0.7315036240E+01    0.5802259061E+01
       692   -0.7090648239E+01   -0.6927470445E+01    0.4641807249E+01
       693   -0.7981129738E+01   -0.7960979231E+01    0.7736345414E+01
       694   -0.8350088493E+01   -0.7315036240E+01    0.5802259061E+01
       695   -0.7779640923E+01   -0.6927470445E+01    0.4641807249E+01
       696   -0.8400459150E+01   -0.7315036240E+01    0.5802259061E+01
       697   -0.7484906264E+01   -0.6927470445E+01    0.4641807249E+01
       698   -0.1085070667E+02   -0.9252865214E+01    0.1160451812E+02
       699   -0.9409070618E+01   -0.7960979231E+01    0.7736345414E+01
       700   -0.8038778162E+01   -0.7315036240E+01    0.5802259061E+01
       701   -0.8075708321E+01   -0.6927470445E+01    0.4641807249E+01
       702   -0.8494029552E+01   -0.9252865214E+01    0.1160451812E+02
       703   -0.7695657194E+01   -0.7960979231E+01    0.7736345414E+01
       704   -0.7007990507E+01   -0.7315036240E+01    0.5802259061E+01
       705   -0.6585080940E+01   -0.6927470445E+01    0.4641807249E+01
       706   -0.1066622064E+02   -0.9252865214E+01    0.1160451812E+02
       707   -0.9315356502E+01   -0.7960979231E+01    0.7736345414E+01
       708   -0.7589763726E+01   -0.7315036240E+01    0.5802259061E+01
       709   -0.6990191031E+01   -0.6927470445E+01    0.4641807249E+01
       710   -0.1019915610E+02   -0.9252865214E+01    0.1160451812E+02
       711   -0.8521762615E+01   -0.7960979231E+01    0.7736345414E+01
       712   -0.7739831939E+01   -0.7315036240E+01    0.5802259061E+01
       713   -0.7319691681E+01   -0.6927470445E+01    0.4641807249E+01
       714   -0.9349048570E+01   -0.9252865214E+01    0.1160451812E+02
       715   -0.8105191825E+01   -0.7960979231E+01    0.7736345414E+01
       716   -0.7624023707E+01   -0.7315036240E+01    0.5802259061E+01
       717   -0.7547792117E+01   -0.6927470445E+01    0.4641807249E+01
       718   -0.1050351240E+02   -0.9252865214E+01    0.1160451812E+02
       719   -0.8435551455E+01   -0.7960979231E+01    0.7736345414E+01
       720   -0.7829759552E+01   -0.7315036240E+01    0.5802259061E+01
       721   -0.7496648396E+01   -0.6927470445E+01    0.4641807249E+01
       722   -0.9042986948E+01   -0.7960979231E+01    0.7736345414E+01
       723   -0.8232647532E+01   -0.7315036240E+01    0.5802259061E+01
       724   -0.7480485740E+01   -0.6927470445E+01    0.4641807249E+01
       725   -0.8854068309E+01   -0.9252865214E+01    0.1160451812E+02
       726   -0.7866398342E+01   -0.7960979231E+01    0.7736345414E+01
       727   -0.7487959563E+01   -0.7315036240E+01    0.5802259061E+01
       728   -0.6930963314E+01   -0.6927470445E+01    0.4641807249E+01
       729   -0.8993126366E+01   -0.9252865214E+01    0.1160451812E+02
       730   -0.7932108228E+01   -0.7960979231E+01    0.7736345414E+01
       731   -0.7201180612E+01   -0.7315036240E+01    0.5802259061E+01
       732   -0.6856359940E+01   -0.6927470445E+01    0.4641807249E+01
       733   -0.8617600992E+01   -0.9252865214E+01    0.1160451812E+02
       734   -0.7573713648E+01   -0.7960979231E+01    0.7736345414E+01
       735   -0.7056646663E+01   -0.7315036240E+01    0.5802259061E+01
       736   -0.6648089807E+01   -0.6927470445E+01    0.4641807249E+01
       737   -0.7322772665E+01   -0.9252865214E+01    0.1160451812E+02
       738   -0.6625547438E+01   -0.7960979231E+01    0.7736345414E+01
       739   -0.6181957624E+01   -0.7315036240E+01    0.5802259061E+01
       740   -0.5889564131E+01   -0.6927470445E+01    0.4641807249E+01
       741   -0.9513329671E+01   -0.9252865214E+01    0.1160451812E+02
       742   -0.8194839439E+01   -0.7960979231E+01    0.7736345414E+01
       743   -0.7294345101E+01   -0.7315036240E+01    0.5802259061E+01
       744   -0.6800241054E+01   -0.6927470445E+01    0.4641807249E+01
       745   -0.9023685717E+01   -0.9252865214E+01    0.1160451812E+02
       746   -0.7599234252E+01   -0.7960979231E+01    0.7736345414E+01
       747   -0.7017502513E+01   -0.7315036240E+01    0.5802259061E+01
       748   -0.6493621255E+01   -0.6927470445E+01    0.4641807249E+01
       749   -0.8206737175E+01   -0.9252865214E+01    0.1160451812E+02
       750   -0.7330505772E+01   -0.7960979231E+01    0.7736345414E+01
       751   -0.6686289214E+01   -0.7315036240E+01    0.5802259061E+01
       752   -0.6268034508E+01   -0.6927470445E+01    0.4641807249E+01
       753   -0.1009912781E+02   -0.9252865214E+01    0.1160451812E+02
       754   -0.8654045521E+01   -0.7960979231E+01    0.7736345414E+01
       755   -0.7793895393E+01   -0.7315036240E+01    0.5802259061E+01
       756   -0.7203741603E+01   -0.6927470445E+01    0.4641807249E+01
       757   -0.9136130334E+01   -0.9252865214E+01    0.1160451812E+02
       758   -0.7644478451E+01   -0.7960979231E+01    0.7736345414E+01
       759   -0.6888567154E+01   -0.7315036240E+01    0.5802259061E+01
       760   -0.6533488208E+01   -0.6927470445E+01    0.4641807249E+01
       761   -0.7252437707E+01   -0.9252865214E+01    0.1160451812E+02
       762   -0.6657785198E+01   -0.7960979231E+01    0.7736345414E+01
       763   -0.6184611188E+01   -0.7315036240E+01    0.5802259061E+01
       764   -0.5833571348E+01   -0.6927470445E+01    0.4641807249E+01
       765   -0.8855359763E+01   -0.9252865214E+01    0.1160451812E+02
       766   -0.7340474838E+01   -0.7960979231E+01    0.7736345414E+01
       767   -0.6906907139E+01   -0.7315036240E+01    0.5802259061E+01
       768   -0.6348556778E+01   -0.6927470445E+01    0.4641807249E+01
       769   -0.1019620093E+02   -0.9252865214E+01    0.1160451812E+02
       770   -0.8128116984E+01   -0.7960979231E+01    0.7736345414E+01
       771   -0.7522337705E+01   -0.7315036240E+01    0.5802259061E+01
       772   -0.6928973910E+01   -0.6927470445E+01    0.4641807249E+01
       773   -0.7759004569E+01   -0.9252865214E+01    0.1160451812E+02
       774   -0.7047144136E+01   -0.7960979231E+01    0.7736345414E+01
       775   -0.6514059762E+01   -0.7315036240E+01    0.5802259061E+01
       776   -0.6170043181E+01   -0.6927470445E+01    0.4641807249E+01
       777   -0.9242724111E+01   -0.9252865214E+01    0.1160451812E+02
       778   -0.7797762469E+01   -0.7960979231E+01    0.7736345414E+01
       779   -0.7075400502E+01   -0.7315036240E+01    0.5802259061E+01
       780   -0.6698794063E+01   -0.6927470445E+01    0.4641807249E+01
       781   -0.8688721406E+01   -0.9252865214E+01    0.1160451812E+02
       782   -0.7619808253E+01   -0.7960979231E+01    0.7736345414E+01
       783   -0.6910452212E+01   -0.7315036240E+01    0.5802259061E+01
       784   -0.6469850926E+01   -0.6927470445E+01    0.4641807249E+01
       785   -0.7599608497E+01   -0.9252865214E+01    0.1160451812E+02
       786   -0.6845986935E+01   -0.7960979231E+01    0.7736345414E+01
       787   -0.6418723096E+01   -0.7315036240E+01    0.5802259061E+01
       788   -0.6030265460E+01   -0.6927470445E+01    0.4641807249E+01
       789   -0.7956938750E+01   -0.9252865214E+01    0.1160451812E+02
       790   -0.7053572694E+01   -0.7960979231E+01    0.7736345414E+01
       791   -0.6622878939E+01   -0.7315036240E+01    0.5802259061E+01
       792   -0.6229724934E+01   -0.6927470445E+01    0.4641807249E+01
