        Rank        RMSE       MaxAE  Feature_ID
           1    0.357534    2.122566  (       1       2      24      33      43)
           2    0.358083    2.073782  (       1       2      17      24      43)
           3    0.358338    2.157557  (       1       2      24      26      43)
           4    0.359318    2.132659  (       1       2      11      24      43)
           5    0.359477    2.073830  (       1       2      24      29      43)
           6    0.359598    2.122853  (       1       2      20      24      43)
           7    0.361131    2.092003  (       1       2       4      24      43)
           8    0.362114    2.127604  (       1       2      22      24      43)
           9    0.362950    2.118045  (       1       2      16      24      43)
          10    0.363058    2.126418  (       1       2      21      24      43)
          11    0.363058    2.126418  (       1       2      12      24      43)
          12    0.363152    2.195562  (       1       2      24      35      43)
          13    0.363568    2.113874  (       1       2      10      24      43)
          14    0.363589    2.123873  (       1       2      13      24      43)
          15    0.363622    2.114407  (       1       2      24      31      43)
          16    0.363624    2.116431  (       1       2      24      38      43)
          17    0.363707    2.138857  (       1       2      24      39      43)
          18    0.363744    2.121544  (       1       2      24      40      43)
          19    0.363807    2.125209  (       1       2      24      36      43)
          20    0.363890    2.127498  (       1       2      24      41      43)
          21    0.363955    2.102063  (       1       2       6      24      43)
          22    0.364021    2.095621  (       1       2       8      24      43)
          23    0.364029    2.117824  (       1       2      24      34      43)
          24    0.364042    2.083091  (       1       2      15      24      43)
          25    0.364108    2.116692  (       1       2      24      25      43)
          26    0.364175    2.099287  (       1       2      24      27      43)
          27    0.364187    2.145686  (       1       2      14      24      43)
          28    0.364229    2.125239  (       1       2      24      30      43)
          29    0.364282    2.108248  (       1       2       3      24      43)
          30    0.364395    2.112921  (       1       2      19      24      43)
          31    0.364463    2.114907  (       1       2      24      28      43)
          32    0.364475    2.108145  (       1       2      24      37      43)
          33    0.364475    2.109864  (       1       2      18      24      43)
          34    0.364495    2.112670  (       1       2      24      42      43)
          35    0.364496    2.113281  (       1       2       5      24      43)
          36    0.364509    2.114251  (       1       2      24      32      43)
          37    0.364527    2.118936  (       1       2       7      24      43)
          38    0.364529    2.121017  (       1       2      23      24      43)
          39    0.364533    2.111110  (       1       2       9      24      43)
          40    0.365686    2.152050  (       1       2      17      24      33)
          41    0.366093    2.164038  (       1       3      20      24      43)
          42    0.366955    2.099993  (       1       3      24      29      43)
          43    0.367082    2.185196  (       1       2      17      24      26)
          44    0.367589    2.097333  (       1       2      17      24      29)
          45    0.368466    2.111461  (       1       2       4      17      24)
          46    0.368812    2.167125  (       1       3      24      33      43)
          47    0.369375    2.153967  (       1       2      17      22      24)
          48    0.369391    2.202094  (       1       3      24      26      43)
          49    0.369424    2.173882  (       1       3      11      24      43)
          50    0.369431    2.158132  (       1       2      11      17      24)
          51    0.370341    2.148656  (       1       2      17      20      24)
          52    0.370439    2.251004  (       1       2      17      24      35)
          53    0.370901    2.112359  (       1       2       6      17      24)
          54    0.371208    2.099730  (       1       2       8      17      24)
          55    0.371387    2.149347  (       1       2      13      17      24)
          56    0.371447    2.141457  (       1       2      17      24      38)
          57    0.371514    2.163745  (       1       2       5      13      24)
          58    0.371751    2.161798  (       1       3      16      24      43)
          59    0.371819    2.127244  (       1       3       4      24      43)
          60    0.371864    2.169184  (       1       2      17      24      39)
          61    0.371883    2.127956  (       1       3      17      24      43)
          62    0.372065    2.090206  (       1       2      15      17      24)
          63    0.372093    2.145996  (       1       2      17      24      40)
          64    0.372155    2.150644  (       1       2      17      24      36)
          65    0.372246    2.142200  (       1       2      17      24      34)
          66    0.372353    2.174481  (       1       3      22      24      43)
          67    0.372422    2.138814  (       1       2      10      17      24)
          68    0.372433    2.141130  (       1       2      17      24      25)
          69    0.372505    2.116766  (       1       2      17      24      27)
          70    0.372661    2.147501  (       1       2      17      21      24)
          71    0.372661    2.147501  (       1       2      12      17      24)
          72    0.372694    2.136353  (       1       2       5      17      24)
          73    0.372735    2.120894  (       1       3      17      24      29)
          74    0.372752    2.141481  (       1       2      16      17      24)
          75    0.372814    2.158344  (       1       3      24      31      43)
          76    0.372912    2.148511  (       1       2      17      24      41)
          77    0.372927    2.136622  (       1       2      17      19      24)
          78    0.372980    2.134950  (       1       2      17      24      42)
          79    0.373011    2.138816  (       1       2      17      24      31)
          80    0.373025    2.278334  (       1       3      24      35      43)
          81    0.373028    2.172358  (       1       3      21      24      43)
          82    0.373028    2.172358  (       1       3      12      24      43)
          83    0.373039    2.154403  (       1       3      10      24      43)
          84    0.373041    2.138819  (       1       2      17      24      32)
          85    0.373042    2.147288  (       1       2      17      24      30)
          86    0.373052    2.139530  (       1       2      17      24      28)
          87    0.373067    2.145476  (       1       2      17      24      37)
          88    0.373171    2.150805  (       1       2       7      17      24)
          89    0.373202    2.135206  (       1       2      17      18      24)
          90    0.373208    2.124158  (       1       2      17      23      24)
          91    0.373221    2.136504  (       1       2       3      17      24)
          92    0.373229    2.134745  (       1       2       9      17      24)
          93    0.373237    2.138061  (       1       2      14      17      24)
          94    0.373965    2.204941  (       1       2       9      17      29)
          95    0.374328    2.151219  (       1       3      24      38      43)
          96    0.374332    2.224521  (       1       2       4       9      17)
          97    0.374381    2.102395  (       1       3      15      24      43)
          98    0.374677    2.178694  (       1       3      24      41      43)
          99    0.374699    2.230857  (       1       2       9      17      20)
         100    0.374737    2.194006  (       1       3      17      24      33)
