        Rank        RMSE       MaxAE  Feature_ID
           1    0.352659    2.065305  (       1       2       8      24      33      43)
           2    0.352878    2.034055  (       1       2       8      21      24      43)
           3    0.352878    2.034055  (       1       2       8      12      24      43)
           4    0.353276    2.092142  (       1       2      12      24      33      43)
           5    0.353276    2.092142  (       1       2      21      24      33      43)
           6    0.353276    2.092142  (       1       2       6      24      33      43)
           7    0.353276    2.092142  (       1       2       6      21      24      43)
           8    0.353276    2.092142  (       1       2       6      12      24      43)
           9    0.353339    2.083702  (       1       2      17      20      24      43)
          10    0.353407    2.034111  (       1       2       4      24      29      43)
          11    0.353442    2.095876  (       1       2       4      20      24      43)
          12    0.353872    2.116782  (       1       2      17      24      26      43)
          13    0.353930    2.094264  (       1       2      11      17      24      43)
          14    0.353990    2.100872  (       1       2       4      24      33      43)
          15    0.354332    2.101431  (       1       2       9      24      26      43)
          16    0.354484    2.091489  (       1       2      17      24      33      43)
          17    0.354611    2.128783  (       1       2      10      24      33      43)
          18    0.354693    2.106038  (       1       2       6      11      24      43)
          19    0.354768    2.155104  (       1       2       5      11      24      43)
          20    0.355373    2.086131  (       1       2       8      11      24      43)
          21    0.355425    2.123848  (       1       2       8      24      26      43)
          22    0.355496    2.141326  (       1       2       6      24      26      43)
          23    0.355518    2.221273  (       1       2      24      33      35      43)
          24    0.355573    2.135879  (       1       2       4      24      26      43)
          25    0.355771    2.076964  (       1       2      16      17      24      43)
          26    0.355801    2.053918  (       1       2      17      24      29      43)
          27    0.355825    2.073266  (       1       2       8      20      24      43)
          28    0.355880    2.005885  (       1       2       8      24      29      43)
          29    0.355949    2.068203  (       1       2       9      11      24      43)
          30    0.355976    2.133305  (       1       2      22      24      33      43)
          31    0.356083    2.082978  (       1       2      13      24      29      43)
          32    0.356137    2.095987  (       1       2       6      20      24      43)
          33    0.356270    2.165452  (       1       2      19      24      26      43)
          34    0.356289    2.129843  (       1       2      24      33      34      43)
          35    0.356299    2.134443  (       1       2      13      24      33      43)
          36    0.356336    2.257852  (       1       2      24      26      35      43)
          37    0.356413    2.072461  (       1       2      17      24      31      43)
          38    0.356422    2.255886  (       1       2      11      24      35      43)
          39    0.356431    2.085083  (       1       2      13      17      24      43)
          40    0.356472    2.153531  (       1       2      20      24      26      43)
          41    0.356506    2.063858  (       1       2       4      17      24      43)
          42    0.356507    2.099112  (       1       2      24      27      33      43)
          43    0.356519    2.177273  (       1       2       7      24      33      43)
          44    0.356540    2.087976  (       1       2      17      24      36      43)
          45    0.356542    2.082415  (       1       2      17      24      40      43)
          46    0.356607    2.071224  (       1       2       8      17      24      33)
          47    0.356614    2.062421  (       1       2      11      15      24      43)
          48    0.356673    2.130865  (       1       2      24      33      40      43)
          49    0.356693    2.125083  (       1       2      20      24      33      43)
          50    0.356696    2.141903  (       1       2      24      26      33      43)
          51    0.356750    2.135347  (       1       2      11      20      24      43)
          52    0.356757    2.069276  (       1       2      14      24      33      43)
          53    0.356759    2.129474  (       1       2      11      24      33      43)
          54    0.356781    2.105368  (       1       2      12      17      24      33)
          55    0.356781    2.105368  (       1       2      17      21      24      33)
          56    0.356781    2.105368  (       1       2       6      17      24      33)
          57    0.356781    2.105368  (       1       2       6      17      21      24)
          58    0.356781    2.105368  (       1       2       6      12      17      24)
          59    0.356788    2.127061  (       1       2      24      32      33      43)
          60    0.356790    2.165847  (       1       2      22      24      26      43)
          61    0.356824    2.133948  (       1       2      24      33      36      43)
          62    0.356835    2.037964  (       1       2       6      24      29      43)
          63    0.356874    2.123531  (       1       2      16      20      24      43)
          64    0.356883    2.086198  (       1       2      17      21      24      43)
          65    0.356883    2.086198  (       1       2      12      17      24      43)
          66    0.356883    2.109035  (       1       2      15      24      26      43)
          67    0.356950    2.146310  (       1       2      11      22      24      43)
          68    0.356964    2.122003  (       1       2      24      26      29      43)
          69    0.356982    2.123030  (       1       2      24      31      33      43)
          70    0.356982    2.182871  (       1       2      23      24      33      43)
          71    0.356984    2.086974  (       1       2      17      22      24      43)
          72    0.357036    2.092351  (       1       2      15      24      33      43)
          73    0.357041    2.059911  (       1       2       3      17      24      43)
          74    0.357054    2.124418  (       1       2      24      33      38      43)
          75    0.357056    2.134566  (       1       2      24      26      27      43)
          76    0.357060    2.099020  (       1       2      11      24      29      43)
          77    0.357118    2.101282  (       1       2       9      24      33      43)
          78    0.357188    2.116546  (       1       2       3      24      33      43)
          79    0.357195    2.099611  (       1       2      17      24      39      43)
          80    0.357204    2.134930  (       1       2      20      24      34      43)
          81    0.357217    2.101087  (       1       2       9      17      24      43)
          82    0.357246    2.078185  (       1       2      17      24      34      43)
          83    0.357285    2.124851  (       1       2      24      25      33      43)
          84    0.357323    2.036684  (       1       2      10      24      29      43)
          85    0.357336    2.159186  (       1       2      16      24      26      43)
          86    0.357345    2.181632  (       1       2      24      26      30      43)
          87    0.357353    2.135154  (       1       2      17      24      35      43)
          88    0.357363    2.140350  (       1       2      13      20      24      43)
          89    0.357385    2.175508  (       1       2      24      26      41      43)
          90    0.357408    2.214721  (       1       2       7      24      26      43)
          91    0.357409    2.117503  (       1       2      18      24      33      43)
          92    0.357412    2.123236  (       1       2       5      24      33      43)
          93    0.357413    2.116526  (       1       2      24      33      41      43)
          94    0.357437    2.121340  (       1       2      24      33      42      43)
          95    0.357461    2.166445  (       1       2       5      24      26      43)
          96    0.357472    2.117396  (       1       2      24      30      33      43)
          97    0.357474    2.092171  (       1       2       4      16      24      43)
          98    0.357487    2.128543  (       1       2      24      33      39      43)
          99    0.357493    2.123047  (       1       2      16      24      33      43)
         100    0.357502    2.169117  (       1       2      24      29      35      43)
