Model_ID, [(c_i,i=0,n)_j,j=1,ntask]
           1   -0.3457205096E+01   -0.3356149950E+00   -0.1021073203E+00    0.1434390920E+00   -0.3700377675E+00   -0.2312115624E+01
           2   -0.3449053749E+01   -0.3319980191E+00   -0.1045031612E+00    0.2993096394E+01    0.2188193193E+00   -0.5304743761E+01
           3   -0.4425471496E+01   -0.3356912837E+00   -0.9488874796E-01    0.1227066128E+00    0.8012650421E+00   -0.2166245811E+01
           4   -0.4185223506E+01   -0.3360474884E+00   -0.8499475755E-01    0.4066719723E+00    0.1127857626E+00   -0.2309779440E+01
           5   -0.3442914262E+01   -0.3348323196E+00   -0.9779633845E-01    0.1223283978E+00   -0.2477031147E+00   -0.2202673854E+01
           6   -0.3651040136E+01   -0.3329922117E+00   -0.9713849256E-01    0.8505824437E-01    0.1113007339E+00   -0.2347666433E+01
           7   -0.4231892847E+01   -0.3343905517E+00   -0.8684889153E-01    0.1752921439E-01    0.1186769160E+00   -0.1918875267E+01
           8   -0.3851306430E+01   -0.3347303849E+00   -0.1029676143E+00    0.7778138794E-01    0.1095593203E+00   -0.1851391379E+01
           9   -0.3627925391E+01   -0.3331734141E+00   -0.1013346651E+00    0.5298110335E-01    0.1075574710E+00   -0.2132315519E+01
          10   -0.3372184171E+01   -0.3347879238E+00   -0.9609627943E-01   -0.1067162886E+00    0.1131642411E+00   -0.2164015094E+01
          11   -0.3372184171E+01   -0.3347879238E+00   -0.9609627943E-01   -0.1067162886E+00    0.1131642411E+00   -0.2164015094E+01
          12   -0.4135482710E+01   -0.3377281354E+00   -0.1049798065E+00    0.1245806541E+00    0.1642818184E+00   -0.1794120757E+01
          13   -0.3527257818E+01   -0.3348308153E+00   -0.9887172523E-01   -0.1541461915E+00    0.1112709225E+00   -0.2015583943E+01
          14   -0.3478597273E+01   -0.3350558762E+00   -0.1037832883E+00   -0.5215170188E-01    0.1052259665E+00   -0.1763281361E+01
          15   -0.3540890527E+01   -0.3330901178E+00   -0.1056696324E+00    0.1107215486E+00    0.4646295865E-03   -0.2050339635E+01
          16   -0.3834212877E+01   -0.3351269373E+00   -0.1056269789E+00    0.1132488928E+00    0.2582464422E+00   -0.1930061135E+01
          17   -0.3451631353E+01   -0.3333660911E+00   -0.1094513898E+00    0.1075312327E+00   -0.2091126953E-02   -0.1854858952E+01
          18   -0.3566603555E+01   -0.3343893497E+00   -0.1069298725E+00    0.1107453073E+00   -0.2029291081E-03   -0.1838137472E+01
          19   -0.3566907889E+01   -0.3343395120E+00   -0.1066989246E+00    0.1097392552E+00   -0.2852659179E-03   -0.1835756607E+01
          20   -0.3623249499E+01   -0.3335749397E+00   -0.1059649675E+00    0.1134566819E+00    0.3118808931E+00   -0.2033811250E+01
          21   -0.3719038690E+01   -0.3335345845E+00   -0.1166039736E+00    0.1189281868E+00    0.1215829189E+00   -0.1821121055E+01
          22   -0.3618464595E+01   -0.3337089495E+00   -0.1156048384E+00    0.1122418133E+00    0.1214482675E+00   -0.1808634256E+01
          23   -0.3539252353E+01   -0.3342206924E+00   -0.1078694248E+00    0.1119159497E+00   -0.1743931374E-01   -0.1849835972E+01
          24   -0.3616554005E+01   -0.3341704767E+00   -0.1088408471E+00    0.4699256555E-01    0.1204543849E+00   -0.1944470839E+01
          25   -0.3601735923E+01   -0.3339447946E+00   -0.1053843238E+00    0.1101879529E+00    0.1902026306E-03   -0.1887441125E+01
          26   -0.3623381145E+01   -0.3327010243E+00   -0.1085122706E+00    0.1122578199E+00    0.4946141658E-01   -0.1912559454E+01
          27   -0.3433718452E+01   -0.3335350549E+00   -0.1029631400E+00   -0.5645018854E-01    0.1089022427E+00   -0.2052420517E+01
          28   -0.3612322993E+01   -0.3335979123E+00   -0.1062336695E+00    0.1099113975E+00    0.2066230849E+00   -0.1962545481E+01
          29   -0.3537182341E+01   -0.3330852568E+00   -0.1245118534E+00    0.1817432963E-01    0.1117891013E+00   -0.1969686652E+01
          30   -0.3520764641E+01   -0.3338470176E+00   -0.1078034185E+00   -0.3243964218E-03    0.1132579882E+00   -0.1934908849E+01
          31   -0.3596767790E+01   -0.3342506520E+00   -0.1060918664E+00    0.1116016006E+00    0.1088169404E-01   -0.1924668641E+01
          32   -0.3547151730E+01   -0.3336406513E+00   -0.1064455765E+00    0.1132267535E+00    0.3334594727E-03   -0.1997019279E+01
          33   -0.3545109187E+01   -0.3341084337E+00   -0.1069075102E+00    0.3507041191E-02    0.1127874228E+00   -0.1974090900E+01
          34   -0.3543458193E+01   -0.3341602520E+00   -0.1063671374E+00    0.1126328447E+00   -0.5011730811E-02   -0.1922920710E+01
          35   -0.3686717979E+01   -0.3341993009E+00   -0.1029406495E+00    0.9334724480E-01    0.1108789324E+00   -0.1998855711E+01
          36   -0.3547798547E+01   -0.3339961968E+00   -0.1068802471E+00    0.1121450232E+00   -0.4370875456E-02   -0.1919441351E+01
          37   -0.3517871310E+01   -0.3338347162E+00   -0.1072974991E+00   -0.1734017455E-01    0.1128821555E+00   -0.1943327699E+01
          38   -0.3541999356E+01   -0.3338855987E+00   -0.1066445791E+00   -0.1623511604E-01    0.1127835407E+00   -0.1955285012E+01
          39   -0.3535240504E+01   -0.3339629135E+00   -0.1070334904E+00   -0.2982953248E-01    0.1143999409E+00   -0.1957709200E+01
          40   -0.3578853050E+01   -0.3379218241E+00   -0.1031894201E+00   -0.1902033032E+01    0.7515267746E-01   -0.4017427698E+00
          41   -0.3785159086E+01   -0.3370581072E+00   -0.9223455342E-01    0.1181267505E+00    0.1143184301E+00   -0.2390689460E+01
          42   -0.3506854203E+01   -0.3396255798E+00   -0.9354502246E-01    0.1290464238E+00   -0.3276874138E+00   -0.2171322867E+01
          43   -0.4573660246E+01   -0.3378789578E+00   -0.9602553401E-01   -0.1727214383E+01    0.5780826493E-01    0.8170316933E+00
          44   -0.3560255046E+01   -0.3370382946E+00   -0.9834342206E-01   -0.1793537942E+01    0.5611057574E-01   -0.2718121554E+00
          45   -0.4483343389E+01   -0.3364194668E+00   -0.8423424620E-01    0.2094646200E-01   -0.1512766408E+01    0.6267766111E-01
          46   -0.3566823633E+01   -0.3405002815E+00   -0.9996607825E-01    0.1481350613E+00   -0.3805946514E+00   -0.2202030049E+01
          47   -0.4048029243E+01   -0.3368469083E+00   -0.1032047394E+00   -0.1431100952E+01    0.9833425051E-01    0.5441565930E-01
          48   -0.4580495612E+01   -0.3402589893E+00   -0.9217052241E-01    0.1268093472E+00    0.8454210412E+00   -0.2067946924E+01
          49   -0.4387631963E+01   -0.3402617839E+00   -0.7931181741E-01    0.4744745029E+00    0.1159196636E+00   -0.2276372376E+01
          50   -0.4242529128E+01   -0.3380638870E+00   -0.8921340071E-01    0.3537811934E+00   -0.1789745598E+01    0.4506969963E-01
          51   -0.3770691252E+01   -0.3355362427E+00   -0.1006953467E+00   -0.1774518095E+01    0.6562697796E-01    0.4426216708E-01
          52   -0.4493759456E+01   -0.3411763931E+00   -0.1054771546E+00   -0.1339263216E+01    0.7835064220E-01    0.2321405119E+00
          53   -0.3990316202E+01   -0.3349607193E+00   -0.1272958536E+00    0.2315279562E+00   -0.1326825635E+01    0.7967431825E-01
          54   -0.3796431927E+01   -0.3353313740E+00   -0.1252728406E+00    0.2176612627E+00   -0.1296186508E+01    0.8025571294E-01
          55   -0.3569851635E+01   -0.3374669356E+00   -0.1037509939E+00   -0.7406324640E-01   -0.1279729839E+01    0.5271647540E-01
          56   -0.4073731467E+01   -0.3376105924E+00   -0.1065033080E+00   -0.1510720246E+01    0.5624852683E-01    0.3648933319E+00
          57   -0.1337228827E+01   -0.3362009422E+00   -0.1505640275E+00   -0.1426556280E+01   -0.1966643662E+00    0.1017906835E+00
          58   -0.3779457566E+01   -0.3373564535E+00   -0.9654603558E-01    0.8565677889E-01    0.1081993684E+00   -0.2129669166E+01
          59   -0.4453854284E+01   -0.3384249597E+00   -0.8113086342E-01    0.2068362726E-01    0.1229498491E+00   -0.1817892682E+01
          60   -0.3547163692E+01   -0.3352089983E+00   -0.1115147451E+00   -0.1407970615E+01    0.5207467173E-01   -0.2713644542E-02
          61   -0.3586547105E+01   -0.3373319206E+00   -0.1025542377E+00    0.2439661279E+01    0.2030825081E+00   -0.4560862316E+01
          62   -0.3777389210E+01   -0.3363181474E+00   -0.1114023566E+00    0.7319092236E-01   -0.1525371077E+01    0.6700980460E-01
          63   -0.3696895799E+01   -0.3365251569E+00   -0.1082028778E+00   -0.1388974079E+01    0.5692417035E-01   -0.2483029529E-03
          64   -0.3697558406E+01   -0.3364705924E+00   -0.1079221748E+00   -0.1384107675E+01    0.5580788509E-01   -0.3544481492E-03
          65   -0.3659947371E+01   -0.3363534043E+00   -0.1096193723E+00   -0.1389099474E+01    0.5832191087E-01   -0.2468529962E-01
          66   -0.4032716260E+01   -0.3397617323E+00   -0.1002752140E+00    0.9615646997E-01    0.1126879246E+00   -0.1707596488E+01
          67   -0.3659956090E+01   -0.3368982345E+00   -0.1006735481E+00   -0.1435249458E+00   -0.1569146764E+01    0.5158815465E-01
          68   -0.3747678065E+01   -0.3359870333E+00   -0.1061710664E+00   -0.1440172656E+01    0.5417205200E-01    0.2624787695E-03
          69   -0.3781347932E+01   -0.3342147922E+00   -0.1106094386E+00   -0.1472357139E+01    0.5592595742E-01    0.7075935458E-01
          70   -0.3573320160E+01   -0.3366709968E+00   -0.1012548293E+00   -0.1627882130E+01   -0.6722118381E-01    0.5093609994E-01
          71   -0.3573320160E+01   -0.3366709968E+00   -0.1012548293E+00   -0.6722118380E-01   -0.1627882130E+01    0.5093609994E-01
          72   -0.3199959143E+01   -0.3349781303E+00   -0.1197038507E+00   -0.3217628535E+00   -0.1363226773E+01    0.6558300218E-01
          73   -0.3605027054E+01   -0.3416650170E+00   -0.9428942087E-01   -0.1807092277E+01    0.6317496015E-01   -0.3543566718E+00
          74   -0.3728625913E+01   -0.3357141475E+00   -0.1049428341E+00    0.2916992576E-01   -0.1592462357E+01    0.4897012651E-01
          75   -0.3641783578E+01   -0.3373218328E+00   -0.1033547311E+00    0.1131126150E+00    0.8726411742E-03   -0.2015685294E+01
          76   -0.3734665159E+01   -0.3358187923E+00   -0.1073833575E+00   -0.1564650670E+01    0.5351157024E-01    0.2238192560E+00
          77   -0.3634712620E+01   -0.3358795196E+00   -0.1096917920E+00   -0.1497393138E+01   -0.4825725292E-03    0.5646235529E-01
          78   -0.3660908097E+01   -0.3365392543E+00   -0.1074461445E+00   -0.1460295437E+01    0.5702427143E-01   -0.1229996786E-01
          79   -0.3678888371E+01   -0.3356739442E+00   -0.1073413149E+00   -0.1549755322E+01    0.5236804130E-01    0.2306857909E-03
          80   -0.4524542212E+01   -0.3444751553E+00   -0.1025011340E+00    0.1342365443E+00    0.2424132827E+00   -0.1597269788E+01
          81   -0.3398542865E+01   -0.3394984987E+00   -0.8974302962E-01   -0.1523175681E+00    0.1169101128E+00   -0.2149244731E+01
          82   -0.3398542865E+01   -0.3394984987E+00   -0.8974302962E-01   -0.1523175681E+00    0.1169101129E+00   -0.2149244730E+01
          83   -0.3612619148E+01   -0.3399035122E+00   -0.9160339538E-01   -0.2654275394E+00    0.1139190516E+00   -0.1955032438E+01
          84   -0.3671480152E+01   -0.3361504645E+00   -0.1087788143E+00   -0.1445589168E+01    0.5624908498E-01   -0.1155185929E-01
          85   -0.3730684092E+01   -0.3357798490E+00   -0.1075287906E+00   -0.1519794285E+01    0.5234088461E-01    0.1656443677E+00
          86   -0.3753057774E+01   -0.3365153317E+00   -0.1070987702E+00   -0.1478807711E+01    0.5451814319E-01    0.1732899361E-01
          87   -0.3681409512E+01   -0.3364594048E+00   -0.1076657872E+00   -0.1440925858E+01    0.5598875143E-01   -0.5418410868E-03
          88   -0.3600655919E+01   -0.3357757538E+00   -0.1097400322E+00   -0.4216399003E-01   -0.1504057678E+01    0.5605381529E-01
          89   -0.3676551007E+01   -0.3361765220E+00   -0.1080528027E+00   -0.1529244904E+01    0.2658143598E-02    0.5433604525E-01
          90   -0.3694609410E+01   -0.3361287997E+00   -0.1073527996E+00   -0.1495412460E+01    0.2900939153E-01    0.5463236677E-01
          91   -0.3677705552E+01   -0.3358401871E+00   -0.1121913122E+00    0.4517555724E-02   -0.1512786256E+01    0.5444149591E-01
          92   -0.3660499255E+01   -0.3360745222E+00   -0.1084630851E+00   -0.3906134663E-01   -0.1523924524E+01    0.5683416979E-01
          93   -0.3679227600E+01   -0.3360394098E+00   -0.1076659790E+00   -0.5450046745E-03   -0.1510053136E+01    0.5469228110E-01
          94   -0.3947501288E+01   -0.3345291510E+00   -0.8193407578E-01    0.8928280557E+00   -0.1550333359E+01   -0.2437946273E+00
          95   -0.3256901578E+01   -0.3373757998E+00   -0.1064155835E+00    0.1152472835E+00   -0.3630846572E+00   -0.1837679568E+01
          96   -0.4875078121E+01   -0.3339586764E+00   -0.6587238971E-01    0.1966415630E-01    0.1016600064E+01   -0.1246844380E+01
          97   -0.3790862830E+01   -0.3396327731E+00   -0.1091477431E+00    0.8815783645E-01    0.1316000710E+00   -0.1809998089E+01
          98   -0.3769532200E+01   -0.3384285970E+00   -0.1038281450E+00    0.1178510848E+00    0.4500538196E+00   -0.1946872204E+01
          99   -0.4058210136E+01   -0.3335071976E+00   -0.8661177503E-01    0.6675300502E+00   -0.1667344574E+01    0.7595302853E-01
         100   -0.3670599744E+01   -0.3426589109E+00   -0.1012133508E+00   -0.1838024916E+01    0.8301285297E-01   -0.4155766921E+00
