Model_ID, [(c_i,i=0,n)_j,j=1,ntask]
           1   -0.3649632303E+01   -0.3355435360E+00   -0.1314824709E+00    0.3833376979E+00    0.1875617927E+00   -0.5291494250E+00   -0.1999504094E+01
           2   -0.3211512578E+01   -0.3362883279E+00   -0.1283448565E+00    0.8992421985E+00   -0.5295349361E+00    0.1882910306E+00   -0.1924499611E+01
           3   -0.3211512578E+01   -0.3362883279E+00   -0.1283448565E+00    0.8992421984E+00   -0.5295349361E+00    0.1882910306E+00   -0.1924499611E+01
           4   -0.3918869227E+01   -0.3350138446E+00   -0.1303289596E+00    0.3486921897E+00    0.1811832250E+00   -0.8490092493E+00   -0.2074111279E+01
           5   -0.3918869226E+01   -0.3350138446E+00   -0.1303289596E+00    0.3486921897E+00    0.1811832250E+00   -0.8490092492E+00   -0.2074111279E+01
           6   -0.3918869226E+01   -0.3350138446E+00   -0.1303289596E+00    0.3486921895E+00    0.1811832250E+00   -0.5003170595E+00   -0.2074111279E+01
           7   -0.3918869226E+01   -0.3350138446E+00   -0.1303289596E+00    0.8490092490E+00   -0.5003170595E+00    0.1811832250E+00   -0.2074111279E+01
           8   -0.3918869226E+01   -0.3350138446E+00   -0.1303289596E+00    0.8490092490E+00   -0.5003170595E+00    0.1811832250E+00   -0.2074111279E+01
           9   -0.3549039910E+01   -0.3311182789E+00   -0.9549125281E-01    0.2928577804E+01    0.8265082382E-01    0.2154260464E+00   -0.5622420521E+01
          10   -0.4342283986E+01   -0.3356788055E+00   -0.6883464941E-01    0.2385900465E-01    0.1334259293E+00   -0.3127521195E+00   -0.2232781839E+01
          11   -0.4615200081E+01   -0.3333468263E+00   -0.6761544795E-01    0.2408056718E-01    0.1086803260E+00    0.1195641245E+00   -0.2421569738E+01
          12   -0.4194665752E+01   -0.3337649865E+00   -0.9516820107E-01    0.2519408360E+01    0.2105480651E+00    0.6680318858E+00   -0.4956654989E+01
          13   -0.4022802780E+01   -0.3340417543E+00   -0.8557434228E-01    0.3618981688E+00    0.2732906258E+01    0.2098852307E+00   -0.5336309275E+01
          14   -0.4145077138E+01   -0.3360776227E+00   -0.8228215439E-01    0.1770482595E-01    0.1498983691E+00   -0.3718590272E+00   -0.2286285231E+01
          15   -0.4437494647E+01   -0.3375182430E+00   -0.1076651994E+00   -0.1023448303E+01    0.1964423753E+00    0.1288194264E+01   -0.2693715878E+01
          16   -0.3405996645E+01   -0.3337987415E+00   -0.1017360254E+00    0.2176250459E+01    0.2133143656E+00   -0.2808015747E+00   -0.4665821343E+01
          17   -0.3446445870E+01   -0.3345137141E+00   -0.1193523512E+00    0.4205506965E+00    0.1711881481E+00   -0.6633722340E+00   -0.2412947773E+01
          18   -0.5049566005E+01   -0.3358414301E+00   -0.1062299179E+00    0.3786052320E+00    0.6164363330E+00    0.1420970176E+00   -0.2099010458E+01
          19   -0.2767693391E+01   -0.3342442347E+00   -0.1165519021E+00   -0.1397344285E+01    0.8058990242E+00    0.1363926165E+00   -0.1878936172E+01
          20   -0.4673397075E+01   -0.3362631710E+00   -0.1036291362E+00    0.3444482612E+00    0.5855678037E+00    0.1406077405E+00   -0.2047442615E+01
          21   -0.4817482267E+01   -0.3355538556E+00   -0.1148794889E+00    0.2811789423E+00    0.1478916203E+00    0.1004057646E+01   -0.1877229584E+01
          22   -0.5019683719E+01   -0.3351607341E+00   -0.1156560079E+00    0.2750214248E+00    0.1462637807E+00    0.9882502178E+00   -0.1928268695E+01
          23   -0.4154050680E+01   -0.3402290614E+00   -0.1001411985E+00    0.1593997956E+00   -0.3868048488E+00    0.1968451144E+00   -0.2146431837E+01
          24   -0.4989030797E+01   -0.3359998097E+00   -0.7793802936E-01    0.1571398942E-01    0.1277479640E+00    0.7578896565E+00   -0.2129811499E+01
          25   -0.3536418647E+01   -0.3309671717E+00   -0.9824407815E-01    0.6360760209E-01    0.3162113686E+01    0.2189736817E+00   -0.5717801771E+01
          26   -0.3393985135E+01   -0.3330261157E+00   -0.9879106111E-01    0.2378822357E+01    0.2039707884E+00   -0.1748512077E+00   -0.4796495019E+01
          27   -0.3899306975E+01   -0.3318812661E+00   -0.1204785494E+00    0.3365176132E+00    0.1223839212E+00    0.1378336600E+00   -0.2111286024E+01
          28   -0.3596924136E+01   -0.3345203672E+00   -0.1208288573E+00    0.3254742745E+00    0.1524662470E+00   -0.3477086810E+00   -0.1907205817E+01
          29   -0.4092958666E+01   -0.3380241521E+00   -0.9016424316E-01   -0.9390455722E+00    0.6530677671E+00    0.1749259516E+00   -0.2891340721E+01
          30   -0.3703658020E+01   -0.3361484205E+00   -0.9957085045E-01    0.6228061072E-01    0.1393065996E+00   -0.3481782570E+00   -0.2214561046E+01
          31   -0.3269302374E+01   -0.3373054229E+00   -0.8999256306E-01   -0.1036590045E+00    0.1108501535E+00   -0.3189526023E+00   -0.1912795348E+01
          32   -0.4136141910E+01   -0.3315575509E+00   -0.1205229717E+00    0.3152871863E+00    0.1171722700E+00    0.1351309384E+00   -0.2167550007E+01
          33   -0.4510623469E+01   -0.3357214994E+00   -0.9765708387E-01   -0.1321882105E-02    0.1284861687E+00    0.9897696940E+00   -0.2171863585E+01
          34   -0.3434091768E+01   -0.3361553238E+00   -0.1040531577E+00    0.1445226132E+00   -0.3926202887E+00   -0.2728732606E-01   -0.2183612933E+01
          35   -0.3374195226E+01   -0.3369089379E+00   -0.9899933786E-01   -0.5896091807E-01    0.1359048392E+00   -0.3773600032E+00   -0.2112517504E+01
          36   -0.5168912883E+01   -0.3403075607E+00   -0.9254355903E-01    0.1377463494E+00    0.8414339407E+00    0.1964250609E+00   -0.1995401808E+01
          37   -0.3429851555E+01   -0.3307287879E+00   -0.1033195008E+00    0.3182035021E+01    0.2232280685E+00    0.6263506099E-03   -0.5657092391E+01
          38   -0.5142489557E+01   -0.3419291031E+00   -0.7945520451E-01    0.4706434502E+00    0.1306429183E+00    0.2407408730E+00   -0.2144060624E+01
          39   -0.3348704681E+01   -0.3333522278E+00   -0.1008728868E+00   -0.6861356795E-01    0.3167219942E+01    0.2155266636E+00   -0.5259425171E+01
          40   -0.4289245358E+01   -0.3346558098E+00   -0.9138958402E-01    0.5643993332E-01    0.1195719907E+00    0.6153777392E+00   -0.2381573757E+01
          41   -0.3937614215E+01   -0.3325610031E+00   -0.9107107788E-01    0.1223230532E-01    0.2609383074E+01    0.2095379186E+00   -0.4855093979E+01
          42   -0.3574773006E+01   -0.3336235082E+00   -0.1053208804E+00    0.1449093528E+00    0.8326189824E-01   -0.3910996167E+00   -0.2276256950E+01
          43   -0.3123475273E+01   -0.3347791978E+00   -0.1098813311E+00   -0.1716383822E+00    0.1518311176E+00   -0.4171087198E+00   -0.2329906442E+01
          44   -0.3465938327E+01   -0.3324412550E+00   -0.1047185156E+00    0.3204163009E+01    0.2224029288E+00   -0.4150010733E-03   -0.5380859918E+01
          45   -0.3465178083E+01   -0.3324989822E+00   -0.1050382178E+00    0.3183353310E+01    0.2232332321E+00   -0.2824269156E-03   -0.5367787075E+01
          46   -0.3794394244E+01   -0.3372866772E+00   -0.1417079953E+00    0.5074707644E+00   -0.1619171899E+01    0.1456992470E+00   -0.6203692333E+00
          47   -0.4524148820E+01   -0.3371976457E+00   -0.8500216747E-01    0.5186339414E+00    0.1165840246E+00    0.1327837126E+00   -0.2405498295E+01
          48   -0.3473582180E+01   -0.3360836606E+00   -0.1025798181E+00    0.1418121398E+00   -0.3713840243E+00   -0.2092140979E-03   -0.2202003988E+01
          49   -0.3528119473E+01   -0.3347641034E+00   -0.9851885417E-01    0.4186450631E-01    0.1357693809E+00   -0.2851549237E+00   -0.2425766138E+01
          50   -0.3931887854E+01   -0.3359483343E+00   -0.9768091450E-01    0.1383805666E+00    0.4063823112E+00   -0.2474827930E+00   -0.2302522114E+01
          51   -0.4116931669E+01   -0.3348537407E+00   -0.8284295987E-01    0.3143037146E+00    0.6414137372E-01    0.1118519156E+00   -0.2529922694E+01
          52   -0.3638667204E+01   -0.3366384176E+00   -0.1072339556E+00    0.9665567246E-01    0.1555752685E+00   -0.4427300677E+00   -0.2202173371E+01
          53   -0.3783865973E+01   -0.3362074324E+00   -0.9292281997E-01    0.1944619498E+00    0.1359226507E+00   -0.2783201983E+00   -0.2395268317E+01
          54   -0.4185306884E+01   -0.3365586146E+00   -0.1424645543E+00    0.4903188017E+00   -0.1709709001E+01    0.1379867952E+00   -0.1090363034E+01
          55   -0.4185306884E+01   -0.3365586146E+00   -0.1424645543E+00   -0.1709709001E+01    0.4903188017E+00    0.1379867952E+00   -0.1090363034E+01
          56   -0.4185306884E+01   -0.3365586146E+00   -0.1424645543E+00    0.4903188016E+00   -0.1709709001E+01    0.1379867952E+00   -0.6000442323E+00
          57   -0.4185306884E+01   -0.3365586146E+00   -0.1424645543E+00    0.1090363034E+01   -0.1709709001E+01   -0.6000442322E+00    0.1379867952E+00
          58   -0.4185306884E+01   -0.3365586146E+00   -0.1424645543E+00    0.1090363034E+01   -0.6000442322E+00   -0.1709709001E+01    0.1379867952E+00
          59   -0.3436052519E+01   -0.3360413259E+00   -0.1039311225E+00    0.1445457684E+00   -0.2254608891E-01   -0.4009607965E+00   -0.2204496403E+01
          60   -0.4607125025E+01   -0.3362048411E+00   -0.9287876321E-01    0.6221555738E-01    0.1197149928E+00    0.7472026017E+00   -0.2075540037E+01
          61   -0.3473558409E+01   -0.3360002236E+00   -0.1023549100E+00    0.1407336501E+00   -0.3691298377E+00   -0.2784686191E-03   -0.2203374502E+01
          62   -0.3793206100E+01   -0.3341512208E+00   -0.1183110569E+00    0.2664634496E+00    0.1453683684E+00   -0.3112524536E+00   -0.1988147978E+01
          63   -0.3574105147E+01   -0.3338244291E+00   -0.9823828390E-01   -0.1551687874E+00    0.2119464619E+00    0.1238905969E+00   -0.2401525566E+01
          64   -0.3292006254E+01   -0.3327989522E+00   -0.9528507430E-01    0.2926092937E+01   -0.9540455966E-01    0.2170916592E+00   -0.5424258254E+01
          65   -0.3292006254E+01   -0.3327989522E+00   -0.9528507430E-01   -0.9540455964E-01    0.2926092937E+01    0.2170916592E+00   -0.5424258254E+01
          66   -0.4621102805E+01   -0.3362510884E+00   -0.9793676853E-01    0.8123288359E-01    0.1375269783E+00    0.8756680279E+00   -0.2183630476E+01
          67   -0.4475053646E+01   -0.3368043087E+00   -0.8175616941E-01    0.4031683985E+00    0.7632938678E-01    0.1099628820E+00   -0.2213576840E+01
          68   -0.4125820404E+01   -0.3357527311E+00   -0.9282955179E-01    0.1258518842E+00    0.5856616937E+00   -0.1479304278E+00   -0.2260193928E+01
          69   -0.3452095864E+01   -0.3349188936E+00   -0.1016040336E+00    0.1413802951E+00    0.3584720370E-03   -0.3612239740E+00   -0.2383721827E+01
          70   -0.3384051935E+01   -0.3352892573E+00   -0.1033144436E+00   -0.1293696568E+00    0.1483286602E+00   -0.3950364888E+00   -0.2408969468E+01
          71   -0.3663889127E+01   -0.3327122740E+00   -0.1022931799E+00    0.2724527965E+01    0.5318062308E-01    0.2073086781E+00   -0.4938542282E+01
          72   -0.3522929580E+01   -0.3358422256E+00   -0.1044766093E+00    0.4664546468E-01    0.1513851859E+00   -0.3698439559E+00   -0.2310175436E+01
          73   -0.3414192736E+01   -0.3301022891E+00   -0.1411502571E+00    0.3704209952E-01    0.3227690255E+01    0.2258457553E+00   -0.5615781626E+01
          74   -0.3664626290E+01   -0.3364258970E+00   -0.1016267688E+00    0.1431863758E+00   -0.3599908917E+00    0.1864273201E+00   -0.2290507559E+01
          75   -0.4645114643E+01   -0.3334970264E+00   -0.9772699509E-01    0.1233239812E+00    0.8753522445E+00    0.9400835862E-01   -0.2122588703E+01
          76   -0.3937707183E+01   -0.3361224648E+00   -0.8453478066E-01    0.2975530962E+00    0.1197969564E+00   -0.1778724303E+00   -0.2396379233E+01
          77   -0.3315954697E+01   -0.3359021924E+00   -0.1070796771E+00   -0.2686055324E+00    0.1627621645E+00   -0.3892472047E+00   -0.2434454334E+01
          78   -0.3441400025E+01   -0.3346405963E+00   -0.1228724569E+00    0.2092962318E-01    0.1428959594E+00   -0.3724026004E+00   -0.2341463904E+01
          79   -0.3347516106E+01   -0.3314028268E+00   -0.1075661247E+00    0.3002920364E+01    0.2141454954E+00   -0.2142935376E-02   -0.5222129838E+01
          80   -0.3650144445E+01   -0.3334000143E+00   -0.9809319546E-01    0.1057713145E+00    0.1098460426E+00   -0.3978163132E-01   -0.2225527779E+01
          81   -0.3641586596E+01   -0.3314140709E+00   -0.9632896243E-01    0.4078524933E+00    0.3424256454E+01    0.2072482017E+00   -0.5631622722E+01
          82   -0.3432107088E+01   -0.3323023447E+00   -0.1062519050E+00    0.3074253361E+01    0.2210450225E+00   -0.2223348791E-01   -0.5272912452E+01
          83   -0.3497042734E+01   -0.3355986788E+00   -0.1013487102E+00    0.1413848902E+00    0.1435656046E-03   -0.3657440229E+00   -0.2263494227E+01
          84   -0.3403774688E+01   -0.3333752398E+00   -0.1092408773E+00    0.3933583787E+00    0.1343320282E+00   -0.4739563636E+00   -0.2259933826E+01
          85   -0.4448108785E+01   -0.3350055368E+00   -0.9134268322E-01    0.4199072150E-01    0.1183869216E+00    0.7657247181E+00   -0.2303969157E+01
          86   -0.4596379152E+01   -0.3351930867E+00   -0.9370274319E-01    0.1188649851E+00    0.8556656172E+00    0.3719727065E+00   -0.2210550840E+01
          87   -0.3878565803E+01   -0.3348362828E+00   -0.1035187603E+00    0.2858367461E+01    0.2228534519E+00    0.1193171791E+00   -0.5043088285E+01
          88   -0.3553911279E+01   -0.3345912588E+00   -0.9160457067E-01   -0.8128845075E-01    0.9754294800E-01    0.9990133378E-01   -0.2121423873E+01
          89   -0.4535443649E+01   -0.3352949928E+00   -0.9400359864E-01    0.1242007265E+00    0.8215772874E+00    0.3757842782E+00   -0.2277346669E+01
          90   -0.4231323586E+01   -0.3349143929E+00   -0.1013629166E+00   -0.1646993182E+00    0.1283214431E+00    0.9063036822E+00   -0.2167498321E+01
          91   -0.3449376619E+01   -0.3358573201E+00   -0.1027152073E+00    0.4891893386E-02    0.1440877782E+00   -0.3718760364E+00   -0.2352792450E+01
          92   -0.3220467331E+01   -0.3352170048E+00   -0.1080257219E+00   -0.1603376683E+00    0.1469644621E+00   -0.3802579355E+00   -0.2231832748E+01
          93   -0.3417142440E+01   -0.3358897652E+00   -0.1020735495E+00    0.1448492006E+00   -0.3926310871E+00   -0.1471360542E+00   -0.2293138206E+01
          94   -0.3446538202E+01   -0.3359472680E+00   -0.1019563080E+00    0.1438720069E+00   -0.3716720754E+00   -0.7415066630E-02   -0.2279240953E+01
          95   -0.3898636315E+01   -0.3347075830E+00   -0.1103901807E+00   -0.4650973220E+00    0.1322380673E+00    0.9408214556E+00   -0.1942372934E+01
          96   -0.3425716209E+01   -0.3358233756E+00   -0.1020825779E+00    0.1455222249E+00   -0.9590092705E-01   -0.3809321187E+00   -0.2315316196E+01
          97   -0.4575375689E+01   -0.3333234491E+00   -0.7239668396E-01    0.2321130780E-01    0.8375599656E-01    0.1129937039E+00   -0.2204179827E+01
          98   -0.3435209640E+01   -0.3354369864E+00   -0.1029363837E+00    0.1415430240E+00   -0.3616840089E+00   -0.5102798367E-03   -0.2281558574E+01
          99   -0.3473936094E+01   -0.3354237686E+00   -0.1013605525E+00    0.9260031873E-02    0.1415290984E+00   -0.3574126839E+00   -0.2332155875E+01
         100   -0.4132832530E+01   -0.3393916189E+00   -0.9553061276E-01    0.1373652486E+00   -0.2622582865E+00    0.1954877267E+00   -0.2036736708E+01
