        Rank        RMSE       MaxAE  Feature_ID
           1    0.364538    2.113526  (       1       2      24      43)
           2    0.373237    2.137738  (       1       2      17      24)
           3    0.375991    2.159332  (       1       3      24      43)
           4    0.378453    2.237381  (       1       2       9      17)
           5    0.380164    2.288371  (       1       2       9      43)
           6    0.382626    2.180861  (       1       3      17      24)
           7    0.383494    2.195065  (       1       2      17      43)
           8    0.383994    2.273254  (       1       2       6       9)
           9    0.384664    2.249701  (       1       2       8       9)
          10    0.385515    2.299076  (       1       2       5       9)
          11    0.386205    2.288223  (       1       2      17      20)
          12    0.386789    2.217731  (       1       2       5      17)
          13    0.386868    2.262917  (       1       2       8      17)
          14    0.386987    2.390396  (       1       2      14      17)
          15    0.387197    2.502001  (       1       2       9      35)
          16    0.387892    2.322984  (       1       2      11      17)
          17    0.388007    2.173157  (       1       2      13      24)
          18    0.388142    2.266175  (       1       2      16      17)
          19    0.388382    2.285275  (       1       3       9      17)
          20    0.388707    2.252475  (       1       2       6      17)
          21    0.389378    2.047691  (       1       2       8      24)
          22    0.389600    2.136162  (       1       2       5      24)
          23    0.389670    2.271141  (       1       2       9      13)
          24    0.389776    2.341042  (       1       2      13      42)
          25    0.389825    2.091331  (       1       4       9      15)
          26    0.390163    2.327098  (       1       3       9      43)
          27    0.391373    2.232227  (       1       2       9      12)
          28    0.391373    2.232227  (       1       2       9      21)
          29    0.391656    2.081139  (       1       2      17      35)
          30    0.391740    2.171874  (       1       2       9      14)
          31    0.391760    2.086178  (       1       2       6      24)
          32    0.391788    2.330377  (       1       3      17      20)
          33    0.391967    2.233863  (       1       4       8      17)
          34    0.391986    2.177828  (       1       2       9      15)
          35    0.392196    2.239796  (       1       2       4       9)
          36    0.392292    2.284162  (       1       2       9      36)
          37    0.392555    2.277139  (       1       2       9      40)
          38    0.392704    2.273863  (       1       2       9      22)
          39    0.392736    2.374666  (       1       2      24      35)
          40    0.392739    2.356472  (       1       2      15      17)
          41    0.392750    2.274769  (       1       2       9      34)
          42    0.392769    2.297296  (       1       2       9      37)
          43    0.392940    2.267463  (       1       2       9      32)
          44    0.392952    2.238725  (       1       3      17      43)
          45    0.392993    2.550920  (       1       3       9      35)
          46    0.393555    2.236131  (       1       3       5      17)
          47    0.393695    2.300722  (       1       2       9      39)
          48    0.393725    2.208052  (       1       2       9      27)
          49    0.393740    2.237488  (       1       2       9      11)
          50    0.393880    2.277332  (       1       4       9      43)
          51    0.394160    2.197673  (       1       2      24      37)
          52    0.394423    2.299032  (       1       3       8      17)
          53    0.394458    2.255538  (       1       2       9      19)
          54    0.394676    2.181614  (       1       2      24      36)
          55    0.394779    2.351458  (       1       2       7       9)
          56    0.394896    2.157275  (       1       2      24      34)
          57    0.395269    2.167052  (       1       2      24      40)
          58    0.395291    2.260048  (       1       2       9      25)
          59    0.395461    2.307171  (       1       3      16      17)
          60    0.395576    2.257674  (       1       2       9      42)
          61    0.395768    2.338694  (       1       2      17      21)
          62    0.395768    2.338694  (       1       2      12      17)
          63    0.395847    2.150338  (       1       2      24      32)
          64    0.395902    2.255422  (       1       2       9      10)
          65    0.396103    2.158688  (       1       5      24      43)
          66    0.396106    2.430758  (       1       3      24      35)
          67    0.396238    2.513530  (       1       4       9      35)
          68    0.396416    2.360515  (       1       2      17      30)
          69    0.396478    2.260762  (       1       2       9      16)
          70    0.396544    2.284552  (       1       3       6      17)
          71    0.396571    2.230962  (       1       2       9      26)
          72    0.396667    2.255613  (       1       2       9      20)
          73    0.396668    2.216954  (       1       4       6      17)
          74    0.396766    2.268225  (       1       2       9      18)
          75    0.396769    2.260054  (       1       2       9      38)
          76    0.396777    2.204547  (       1       3       9      15)
          77    0.396799    2.320546  (       1       3       6       9)
          78    0.396816    2.194310  (       1       2       9      23)
          79    0.396908    2.458976  (       1       3      14      17)
          80    0.396909    2.258432  (       1       2       9      31)
          81    0.396926    2.227445  (       1       2       9      24)
          82    0.397018    2.246236  (       1       2       9      41)
          83    0.397022    2.258151  (       1       2       9      28)
          84    0.397027    2.232219  (       1       4       9      17)
          85    0.397127    2.245656  (       1       2       9      33)
          86    0.397168    2.248093  (       1       2       3       9)
          87    0.397232    2.302012  (       1       3       8       9)
          88    0.397247    2.218985  (       1       2      24      39)
          89    0.397249    2.259092  (       1       2       9      30)
          90    0.397313    2.252388  (       1       2       9      29)
          91    0.397399    2.309883  (       1       2      17      31)
          92    0.397685    2.004621  (       1       2      14      24)
          93    0.397715    2.264047  (       1       3       4       9)
          94    0.397804    2.340464  (       1       3       5       9)
          95    0.397878    2.168053  (       1       2      22      24)
          96    0.398077    2.367824  (       1       3      11      17)
          97    0.398271    2.386675  (       1       3      13      42)
          98    0.398347    2.211019  (       1       3      13      24)
          99    0.398676    2.315069  (       1       3       9      22)
         100    0.399115    2.310380  (       1       3       9      13)
