Model_ID, [(c_i,i=0,n)_j,j=1,ntask]
           1   -0.4662173223E+01   -0.3389902594E+00   -0.8221510295E-01    0.1330504015E+01
           2   -0.4745759443E+01   -0.3421429471E+00   -0.7910714038E-01    0.1397805509E+01
           3   -0.4157233772E+01   -0.3425813001E+00   -0.1084431733E+00    0.8138864876E-01
           4   -0.3179744737E+01   -0.3252729896E+00   -0.1082736651E+00   -0.2298241272E+01
           5   -0.7211430263E+01   -0.3403086566E+00    0.5755529824E-01    0.1776142080E+01
           6   -0.4223695920E+01   -0.3471322652E+00   -0.1070016776E+00    0.8748281771E-01
           7   -0.3233151620E+01   -0.3287373384E+00   -0.1049869281E+00   -0.2327166875E+01
           8   -0.7747546785E+01   -0.3498719455E+00    0.2379101279E+01   -0.2254101284E+01
           9   -0.6567833746E+01   -0.3449208992E+00    0.1673123629E+01   -0.2997414228E+01
          10   -0.2087205049E+01   -0.3368967497E+00   -0.1145652286E+01   -0.2755582218E+01
          11   -0.3029785149E+01   -0.3358280237E+00   -0.1170384819E+01   -0.3087269934E+01
          12   -0.2983015772E+01   -0.3349968846E+00   -0.9089905136E-01   -0.3428396029E+00
          13   -0.3551040764E+01   -0.3359736357E+00   -0.9349916897E-01   -0.3080366986E+00
          14   -0.7804398409E+01   -0.3382663121E+00    0.2874621715E+01   -0.2477486633E+01
          15   -0.3903472794E+01   -0.3302018849E+00   -0.1165975719E+00    0.6821841209E+00
          16   -0.7560909123E+01   -0.3451982855E+00    0.8161228737E-01    0.1133580858E+00
          17   -0.3600115505E+01   -0.3393386701E+00   -0.8975214850E-01   -0.3219783300E+00
          18   -0.2950861586E+01   -0.3255331142E+00   -0.1291306694E+00   -0.1391328537E-01
          19   -0.3404674499E+01   -0.3401702472E+00   -0.6795538440E-01   -0.4904730632E+00
          20   -0.3966822423E+01   -0.3340816225E+00   -0.1143224269E+00    0.7189390451E+00
          21   -0.3835537637E+01   -0.3396225348E+00   -0.7246304647E-01   -0.4587722005E+00
          22   -0.3054037779E+01   -0.3379898875E+00   -0.8659418370E-01   -0.3439510303E+00
          23   -0.3131475336E+01   -0.3524493072E+00   -0.1327073910E+01   -0.4692287270E+00
          24   -0.2370811498E+01   -0.3265279765E+00   -0.1140596015E+00   -0.4714714641E+00
          25   -0.3406317111E+01   -0.3435766940E+00   -0.6161153721E-01   -0.5454244265E+00
          26   -0.9396993967E+01   -0.3589215374E+00    0.3119490623E+01    0.1033054127E+01
          27   -0.3885881452E+01   -0.3431745322E+00   -0.6649732952E-01   -0.5123427351E+00
          28   -0.2708644720E+01   -0.3438742400E+00   -0.3132369912E+01   -0.8344445106E+00
          29   -0.2708644720E+01   -0.3438742400E+00   -0.8344445106E+00   -0.3132369912E+01
          30   -0.4718539570E+01   -0.3445551164E+00    0.3697885604E-01   -0.7257480503E+00
          31   -0.5523380566E+01   -0.3440633320E+00    0.4136417330E-01   -0.6997797237E+00
          32   -0.3376128777E+01   -0.3496251772E+00   -0.8744056143E+00   -0.1684327468E+01
          33   -0.3080898747E+01   -0.3547404701E+00   -0.7580974767E+00   -0.3105779579E+00
          34   -0.4358260369E+01   -0.3298517918E+00   -0.1080989574E+00    0.1723383815E+01
          35   -0.6921243961E+01   -0.3545366214E+00    0.1972276220E+01   -0.2930618134E+00
          36   -0.6073726241E+01   -0.3528734822E+00    0.1321301997E+01   -0.3764931938E+00
          37   -0.3379889926E+01   -0.3333439561E+00   -0.9149089250E-01   -0.3037033777E+00
          38   -0.5733022408E+01   -0.3393762400E+00   -0.6673689556E-01    0.1157496922E+01
          39   -0.2334969127E+01   -0.3301098946E+00   -0.1115606619E+00   -0.5036864391E+00
          40   -0.3943354178E+01   -0.3277792318E+00   -0.1022407542E+00    0.1328749257E-02
          41   -0.3753619272E+01   -0.3552343858E+00   -0.7306638044E+00   -0.3395299379E+00
          42   -0.6171842933E+01   -0.3348981801E+00    0.3932897441E+01   -0.1522670252E+00
          43   -0.8907018820E+01   -0.3529122643E+00    0.2216827091E+01    0.2980179037E+00
          44   -0.7824922698E+01   -0.3541998116E+00    0.1679431970E+01    0.9901747125E+00
          45   -0.5044162247E+01   -0.3358465699E+00   -0.7802539909E-01    0.6597031026E+00
          46   -0.3738180418E+01   -0.3431975069E+00   -0.1583260773E+01   -0.2504375877E+01
          47   -0.3595565317E+01   -0.3283100954E+00   -0.1109032831E+00   -0.1425834254E-02
          48   -0.4146102483E+01   -0.3318475890E+00   -0.9673592259E-01    0.1411110870E+00
          49   -0.3956244667E+01   -0.3302107649E+00   -0.1014884417E+00    0.7116787321E+00
          50   -0.3070903966E+01   -0.3298309660E+00   -0.1239058027E+00   -0.1295464232E-01
          51   -0.4643346294E+01   -0.3528295831E+00   -0.8537358865E+00    0.2979477350E+00
          52   -0.4686058470E+01   -0.3576307850E+00   -0.1104008446E+01    0.5236554889E+00
          53   -0.7049653934E+01   -0.3525013384E+00    0.1416682767E+01    0.9641707694E+00
          54   -0.4222974561E+01   -0.3497244587E+00   -0.8522796485E+00   -0.1755175445E+01
          55   -0.6158955619E+01   -0.3434203971E+00   -0.5649550622E-01    0.1374395017E+01
          56   -0.4266302251E+01   -0.3322469373E+00   -0.1046757512E+00    0.1555675425E+00
          57   -0.5310454836E+01   -0.3517589339E+00    0.1423261167E+01   -0.9830572489E+00
          58   -0.4350809928E+01   -0.3294530891E+00   -0.1013848312E+00    0.1930580041E+00
          59   -0.3377859825E+01   -0.3370681552E+00   -0.8615302643E-01   -0.3527989779E+00
          60   -0.4479277762E+01   -0.3335168730E+00   -0.1051476972E+00    0.1895141951E+01
          61   -0.3308514968E+01   -0.3549454245E+00   -0.9688163653E+00   -0.6631824058E-02
          62   -0.8268773100E+01   -0.3509288846E+00    0.2250691488E+01    0.1464474891E-02
          63   -0.3514084355E+01   -0.3287338518E+00   -0.1099057752E+00   -0.3741261875E-02
          64   -0.8137565726E+01   -0.3546663408E+00    0.2485867157E+01   -0.5961490449E-02
          65   -0.4298540769E+01   -0.3357772337E+00   -0.9166395831E-01    0.1746583843E+00
          66   -0.3740360568E+01   -0.3266240984E+00   -0.1213154926E+00    0.3283794991E+00
          67   -0.5351887530E+01   -0.3396762065E+00   -0.6936925787E-01    0.7844860380E+00
          68   -0.3596658570E+01   -0.3278022254E+00   -0.1115946237E+00   -0.6858870616E-03
          69   -0.5966136702E+01   -0.3591120178E+00   -0.1124680600E+01    0.6137505187E+00
          70   -0.4578763207E+01   -0.3519545246E+00   -0.1859245909E+01    0.9405666906E+00
          71   -0.6165961088E+01   -0.3223696012E+00    0.7477669030E-01   -0.2758093616E+01
          72   -0.7033416576E+01   -0.3461196509E+00    0.1543890957E+01   -0.1855660545E+01
          73   -0.7282662958E+01   -0.3522502144E+00    0.1041863279E+01    0.1197813147E+01
          74   -0.2718875600E+01   -0.3263608383E+00   -0.1219882898E+00   -0.8328816791E+00
          75   -0.3767970305E+01   -0.3284875406E+00   -0.1084264085E+00    0.1184621755E-02
          76   -0.3785618092E+01   -0.3549245256E+00   -0.1471659801E+01    0.6107139208E+00
          77   -0.2902834130E+01   -0.3289728226E+00   -0.1335968000E+00   -0.2090895139E-01
          78   -0.3889461396E+01   -0.3298541214E+00   -0.1023159702E+00    0.1920508140E-02
          79   -0.3684263540E+01   -0.3315085265E+00   -0.9350637048E-01   -0.3433899583E+00
          80   -0.3520831649E+01   -0.3269121054E+00   -0.1149623947E+00   -0.5025405494E-01
          81   -0.3873665744E+01   -0.3296773667E+00   -0.1031157079E+00    0.6785473520E-01
          82   -0.4022241465E+01   -0.3310582699E+00   -0.9841844243E-01    0.1422125463E-02
          83   -0.3657985248E+01   -0.3256937131E+00   -0.1814464263E+00    0.7155023203E-01
          84   -0.8235577180E+01   -0.3532874375E+00    0.2231468131E+01    0.7345856364E+00
          85   -0.4140350273E+01   -0.3308398157E+00   -0.9723086090E-01    0.2517006738E+00
          86   -0.3632734436E+01   -0.3260801605E+00   -0.1074913609E+00   -0.2109186059E-01
          87   -0.3560835372E+01   -0.3272614311E+00   -0.1130628661E+00   -0.3515640051E-01
          88   -0.8015316800E+01   -0.3469278486E+00    0.2338260916E+01   -0.5614038263E-01
          89   -0.4225811531E+01   -0.3555594530E+00   -0.9571704857E+00   -0.7302771321E-02
          90   -0.5516504860E+01   -0.3529772742E+00   -0.8281414891E+00    0.3074967494E+00
          91   -0.3755757627E+01   -0.3255357120E+00   -0.1137063159E+00    0.8143282378E-01
          92   -0.3547109436E+01   -0.3278337276E+00   -0.1108023560E+00   -0.3330874229E+00
          93   -0.3723078825E+01   -0.3278807823E+00   -0.1107370345E+00    0.1882121203E-01
          94   -0.3641871192E+01   -0.3282924249E+00   -0.1087620846E+00   -0.1675380326E-01
          95   -0.3641871192E+01   -0.3282924249E+00   -0.1087620846E+00   -0.1675380323E-01
          96   -0.3917490254E+01   -0.3509372140E+00   -0.8673406934E+00    0.1284997966E-02
          97   -0.3636540505E+01   -0.3275734449E+00   -0.1103323438E+00   -0.4878469773E-01
          98   -0.3608461668E+01   -0.3277674036E+00   -0.1105087046E+00   -0.4561716670E-01
          99   -0.4034360379E+01   -0.3336058713E+00   -0.9753673786E-01    0.7493460603E+00
         100   -0.8269190756E+01   -0.3533907958E+00    0.2435550803E+01   -0.1249165094E-02
