   -0.1051382961E+01    0.3111253826E+00    0.5841152157E+01    0.5374642007E+00
   -0.4897079284E+00    0.3111253826E+00    0.5841152157E+01    0.5304018890E+00
   -0.5318798820E+00    0.3111253826E+00    0.5841152157E+01    0.5077546355E+00
   -0.1157152945E+01    0.3469561326E+00    0.3692906890E+01    0.5865886833E+00
   -0.1176093461E+01    0.3469561326E+00    0.3692906890E+01    0.5654161753E+00
   -0.9613030627E+00    0.3469561326E+00    0.3692906890E+01    0.5521486447E+00
   -0.1033008217E+01    0.3469561326E+00    0.3692906890E+01    0.5260022562E+00
    0.4130020847E+00    0.2464819846E+00    0.2795474623E+01    0.5255196840E+00
    0.2221653325E+00    0.2464819846E+00    0.2795474623E+01    0.5050224539E+00
    0.1091667826E+00    0.2464819846E+00    0.2795474623E+01    0.4881601119E+00
    0.7714576540E-01    0.2464819846E+00    0.2795474623E+01    0.4650965813E+00
   -0.1102415243E+01    0.4135908232E+00    0.2442485894E+01    0.5489540173E+00
   -0.1290296034E+01    0.4135908232E+00    0.2442485894E+01    0.5264171392E+00
   -0.8289575667E+00    0.4135908232E+00    0.2442485894E+01    0.5050090405E+00
   -0.5990293460E+00    0.4135908232E+00    0.2442485894E+01    0.4793278316E+00
   -0.5175957278E+00    0.2781570137E+00    0.3721684919E+01    0.7284151431E+00
   -0.1003750183E+00    0.2781570137E+00    0.3721684919E+01    0.7028522748E+00
    0.2375036650E-01    0.2781570137E+00    0.3721684919E+01    0.6764402677E+00
    0.1179790711E+00    0.2781570137E+00    0.3721684919E+01    0.6530019565E+00
    0.9742861694E+00    0.4699689606E+00    0.2725241738E+01    0.5115593902E+00
    0.4873906024E+00    0.4699689606E+00    0.2725241738E+01    0.4954509095E+00
    0.4020857277E+00    0.4699689606E+00    0.2725241738E+01    0.4818665661E+00
    0.2945963045E+00    0.4699689606E+00    0.2725241738E+01    0.4588232221E+00
   -0.1396686845E+01    0.3194811915E+00    0.5831580647E+01    0.6076909455E+00
   -0.1264752666E+01    0.3194811915E+00    0.5831580647E+01    0.5925698996E+00
   -0.8130754091E+00    0.3194811915E+00    0.5831580647E+01    0.5773730988E+00
   -0.4597266100E+00    0.2632542889E+00    0.3345338876E+01    0.2386680785E+00
   -0.3997042254E+00    0.2632542889E+00    0.3345338876E+01    0.2258317945E+00
    0.2765678942E-02    0.2632542889E+00    0.3345338876E+01    0.2340361904E+00
    0.4978776089E-01    0.2632542889E+00    0.3345338876E+01    0.2315423789E+00
    0.5757423697E+00    0.2853977716E+00    0.3673135064E+01    0.4120710564E+00
   -0.1647791340E+00    0.2853977716E+00    0.3673135064E+01    0.3945937615E+00
   -0.3134909731E+00    0.2853977716E+00    0.3673135064E+01    0.3876023198E+00
   -0.3442935819E+00    0.2853977716E+00    0.3673135064E+01    0.3835231652E+00
    0.1651406854E+00    0.4151445149E+00    0.4511065169E+01    0.4257878247E+00
    0.6122096312E-01    0.4151445149E+00    0.4511065169E+01    0.4073407690E+00
    0.7669406923E-01    0.4151445149E+00    0.4511065169E+01    0.3949273047E+00
    0.4803896565E-01    0.4151445149E+00    0.4511065169E+01    0.3763471140E+00
   -0.8221517525E-01    0.2444225501E+00    0.2700903657E+01    0.5627108574E+00
    0.2535947926E+00    0.2444225501E+00    0.2700903657E+01    0.5399199025E+00
    0.3381235658E+00    0.2444225501E+00    0.2700903657E+01    0.5146527452E+00
    0.4853407572E+00    0.2444225501E+00    0.2700903657E+01    0.4949502300E+00
   -0.3463414821E+00    0.3857047377E+00    0.4643587584E+01    0.4535896638E+00
   -0.1845979531E+00    0.3857047377E+00    0.4643587584E+01    0.4367856074E+00
   -0.3229434435E+00    0.3857047377E+00    0.4643587584E+01    0.4241731506E+00
   -0.2922304059E+00    0.3857047377E+00    0.4643587584E+01    0.4119327368E+00
   -0.6883317251E+00    0.4075347070E+00    0.4300093340E+01    0.5913604684E+00
   -0.2026909816E+00    0.4075347070E+00    0.4300093340E+01    0.5762917393E+00
   -0.1836882446E+00    0.4075347070E+00    0.4300093340E+01    0.5539026027E+00
   -0.2226237347E+00    0.4075347070E+00    0.4300093340E+01    0.5343691519E+00
    0.7262791553E+00    0.2421808447E+00    0.2656506060E+01    0.5273090034E+00
    0.3865600660E+00    0.2421808447E+00    0.2656506060E+01    0.5188399686E+00
    0.2097777470E+00    0.2421808447E+00    0.2656506060E+01    0.4970239081E+00
    0.1832791898E+00    0.2421808447E+00    0.2656506060E+01    0.4703652049E+00
    0.9701023295E+00    0.3150933525E+00    0.2322616563E+01    0.4915078839E+00
    0.5373063885E+00    0.3150933525E+00    0.2322616563E+01    0.4705097706E+00
    0.2412689242E+00    0.3150933525E+00    0.2322616563E+01    0.4561878198E+00
    0.1894740891E+00    0.3150933525E+00    0.2322616563E+01    0.4414677920E+00
    0.1113038182E+01    0.4049794490E+00    0.4973129348E+01    0.5444334872E+00
    0.6654935025E+00    0.4049794490E+00    0.4973129348E+01    0.5212051302E+00
    0.4974425437E+00    0.4049794490E+00    0.4973129348E+01    0.5071845922E+00
    0.4784709279E+00    0.4049794490E+00    0.4973129348E+01    0.4962334050E+00
    0.2041602339E+00    0.2675345104E+00    0.3657498256E+01    0.5216528840E+00
    0.8721406052E-01    0.2675345104E+00    0.3657498256E+01    0.4995119025E+00
    0.4044623111E-01    0.2675345104E+00    0.3657498256E+01    0.4729124548E+00
    0.6717948851E-01    0.2675345104E+00    0.3657498256E+01    0.4615059513E+00
    0.1077156676E+01    0.3975447627E+00    0.4776463238E+01    0.5010819817E+00
    0.7329184555E+00    0.3975447627E+00    0.4776463238E+01    0.4818943030E+00
    0.4768079330E+00    0.3975447627E+00    0.4776463238E+01    0.4655027587E+00
    0.4453988472E+00    0.3975447627E+00    0.4776463238E+01    0.4488095982E+00
    0.6174756622E+00    0.2451497944E+00    0.5222238618E+01    0.5437673103E+00
    0.4113194566E+00    0.2451497944E+00    0.5222238618E+01    0.5233289088E+00
    0.3423217199E+00    0.2451497944E+00    0.5222238618E+01    0.5022152099E+00
    0.2958344135E+00    0.2451497944E+00    0.5222238618E+01    0.4890071124E+00
    0.8362627455E-01    0.2114723821E+00    0.2957522907E+01    0.4926385299E+00
    0.6957612369E-01    0.2114723821E+00    0.2957522907E+01    0.4696868247E+00
    0.1224513682E+00    0.2114723821E+00    0.2957522907E+01    0.4492469410E+00
    0.1076552984E+00    0.2114723821E+00    0.2957522907E+01    0.4303550605E+00
    0.9298256886E+00    0.3542990566E+00    0.5325947164E+01    0.4514086198E+00
    0.6793288766E+00    0.3542990566E+00    0.5325947164E+01    0.4259670887E+00
    0.4511152010E+00    0.3542990566E+00    0.5325947164E+01    0.4110220202E+00
    0.4407627272E+00    0.3542990566E+00    0.5325947164E+01    0.3972709868E+00
    0.6102048193E+00    0.2203402317E+00    0.2865138361E+01    0.4733879106E+00
    0.3323775192E+00    0.2203402317E+00    0.2865138361E+01    0.4514947002E+00
    0.1639360905E+00    0.2203402317E+00    0.2865138361E+01    0.4274260707E+00
    0.1633386217E+00    0.2203402317E+00    0.2865138361E+01    0.4119796736E+00
    0.1521278120E+00    0.3429807002E+00    0.3869256393E+01    0.4947956624E+00
    0.2758015017E+00    0.3429807002E+00    0.3869256393E+01    0.4678136167E+00
    0.2658169900E+00    0.3429807002E+00    0.3869256393E+01    0.4525322294E+00
    0.3219316277E+00    0.3429807002E+00    0.3869256393E+01    0.4351202811E+00
   -0.1757886262E-01    0.2319170982E+00    0.3078455584E+01    0.3979926965E+00
   -0.1186612339E+00    0.2319170982E+00    0.3078455584E+01    0.3885511381E+00
   -0.3073362474E+00    0.2319170982E+00    0.3078455584E+01    0.3737214137E+00
   -0.3471008758E+00    0.2319170982E+00    0.3078455584E+01    0.3584860094E+00
   -0.9390511723E-01    0.2535144005E+00    0.3298403171E+01    0.3917814208E+00
   -0.1959349379E+00    0.2535144005E+00    0.3298403171E+01    0.3811139550E+00
   -0.2293292242E+00    0.2535144005E+00    0.3298403171E+01    0.3675596160E+00
   -0.3121623905E+00    0.2535144005E+00    0.3298403171E+01    0.3549883640E+00
    0.1065489034E+00    0.4322910680E+00    0.2603013591E+01    0.4818523758E+00
   -0.7635022844E-01    0.4322910680E+00    0.2603013591E+01    0.4618607176E+00
   -0.1114416061E+00    0.4322910680E+00    0.2603013591E+01    0.4434791061E+00
   -0.9253988306E-01    0.4322910680E+00    0.2603013591E+01    0.4258700177E+00
    0.4218278210E+00    0.2590005919E+00    0.2190877795E+01    0.3708153679E+00
    0.2178717530E+00    0.2590005919E+00    0.2190877795E+01    0.3453231951E+00
    0.1626371151E+00    0.2590005919E+00    0.2190877795E+01    0.3285746273E+00
    0.8538328990E-01    0.2590005919E+00    0.2190877795E+01    0.3137257670E+00
   -0.9342511520E+00    0.2354398420E+00    0.3631979368E+01    0.5031973911E+00
   -0.3662838174E+00    0.2354398420E+00    0.3631979368E+01    0.4778734764E+00
   -0.3248147616E+00    0.2354398420E+00    0.3631979368E+01    0.4364991886E+00
   -0.3124267537E+00    0.2354398420E+00    0.3631979368E+01    0.4398492282E+00
    0.3295877550E+00    0.3471479765E+00    0.3825347088E+01    0.5132130432E+00
    0.1852421587E+00    0.3471479765E+00    0.3825347088E+01    0.4906913777E+00
    0.1782083352E+00    0.3471479765E+00    0.3825347088E+01    0.4660490224E+00
    0.1665190096E+00    0.3471479765E+00    0.3825347088E+01    0.4487718943E+00
   -0.1696388399E+00    0.2534040060E+00    0.3281148756E+01    0.5346535141E+00
   -0.7666004430E-02    0.2534040060E+00    0.3281148756E+01    0.5073695141E+00
    0.3657073904E-01    0.2534040060E+00    0.3281148756E+01    0.4830594079E+00
    0.3804043904E-01    0.2534040060E+00    0.3281148756E+01    0.4588700691E+00
   -0.1788746639E+00    0.2787070016E+00    0.3732480528E+01    0.5008052752E+00
    0.4075977695E-01    0.2787070016E+00    0.3732480528E+01    0.4734526274E+00
    0.4766019829E-01    0.2787070016E+00    0.3732480528E+01    0.4544296149E+00
    0.6410067445E-01    0.2787070016E+00    0.3732480528E+01    0.4369731349E+00
    0.4780548828E+00    0.1465735112E+00    0.1757182250E+01    0.5399550621E+00
    0.4417880435E+00    0.1465735112E+00    0.1757182250E+01    0.4888876963E+00
    0.3463381208E+00    0.1465735112E+00    0.1757182250E+01    0.5163196919E+00
    0.3516450281E+00    0.1465735112E+00    0.1757182250E+01    0.4867835748E+00
   -0.9597725642E-01    0.2413251099E+00    0.3264979616E+01    0.5222275780E+00
    0.5985893879E-02    0.2413251099E+00    0.3264979616E+01    0.4884547781E+00
    0.5621590714E-01    0.2413251099E+00    0.3264979616E+01    0.4701138314E+00
    0.6877773799E-01    0.2413251099E+00    0.3264979616E+01    0.4383059161E+00
    0.2444764534E+00    0.3230545423E+00    0.4217278550E+01    0.5327485619E+00
    0.1103430547E+00    0.3230545423E+00    0.4217278550E+01    0.5068353678E+00
    0.1005914876E+00    0.3230545423E+00    0.4217278550E+01    0.4843464375E+00
    0.1299863060E+00    0.3230545423E+00    0.4217278550E+01    0.4666890446E+00
    0.1063183795E+01    0.4211328026E+00    0.4940384584E+01    0.5154388689E+00
    0.6602230460E+00    0.4211328026E+00    0.4940384584E+01    0.4881211191E+00
    0.5268127177E+00    0.4211328026E+00    0.4940384584E+01    0.4615343575E+00
    0.4199947647E+00    0.4211328026E+00    0.4940384584E+01    0.4733597568E+00
    0.9374028011E+00    0.2816687205E+00    0.3924164194E+01    0.5554449625E+00
    0.5648582490E+00    0.2816687205E+00    0.3924164194E+01    0.5198448420E+00
    0.5047384613E+00    0.2816687205E+00    0.3924164194E+01    0.5077152197E+00
    0.3970064148E+00    0.2816687205E+00    0.3924164194E+01    0.4985648112E+00
    0.9825461107E+00    0.2227239254E+00    0.4636151554E+01    0.5334624652E+00
    0.6332557631E+00    0.2227239254E+00    0.4636151554E+01    0.5227361764E+00
    0.4891137483E+00    0.2227239254E+00    0.4636151554E+01    0.5071795474E+00
    0.4843693354E+00    0.2227239254E+00    0.4636151554E+01    0.4766587460E+00
   -0.1143346175E+00    0.3345740107E+00    0.3729672133E+01    0.6546083973E+00
   -0.1346382371E+00    0.3345740107E+00    0.3729672133E+01    0.6272635979E+00
   -0.4588194453E-01    0.3345740107E+00    0.3729672133E+01    0.6124753097E+00
   -0.2122388218E-01    0.3345740107E+00    0.3729672133E+01    0.5803557364E+00
    0.3621935430E+00    0.4450218838E+00    0.4596841455E+01    0.3747171833E+00
    0.6867904648E-01    0.4450218838E+00    0.4596841455E+01    0.3641763805E+00
    0.2138076848E-01    0.4450218838E+00    0.4596841455E+01    0.3539105279E+00
   -0.7714378266E-01    0.4450218838E+00    0.4596841455E+01    0.3412206458E+00
    0.6440445862E-01    0.3949313595E+00    0.4373136181E+01    0.4836666373E+00
    0.1620357614E+00    0.3949313595E+00    0.4373136181E+01    0.4581581864E+00
    0.8993623977E-01    0.3949313595E+00    0.4373136181E+01    0.4382309674E+00
    0.1345741695E+00    0.3949313595E+00    0.4373136181E+01    0.4209326688E+00
    0.8315645841E+00    0.3102162149E+00    0.4074487372E+01    0.4534664379E+00
    0.4481918965E+00    0.3102162149E+00    0.4074487372E+01    0.4411273269E+00
    0.2336871270E+00    0.3102162149E+00    0.4074487372E+01    0.4196768267E+00
    0.2485470720E+00    0.3102162149E+00    0.4074487372E+01    0.3981741161E+00
    0.3981875429E+00    0.4189540386E+00    0.4951454048E+01    0.5133729660E+00
    0.2485532762E+00    0.4189540386E+00    0.4951454048E+01    0.4961406137E+00
    0.3498409404E+00    0.4189540386E+00    0.4951454048E+01    0.4680517668E+00
    0.3373258368E+00    0.4189540386E+00    0.4951454048E+01    0.4605641980E+00
   -0.3611295215E+00    0.3545771606E+00    0.5189775566E+01    0.5856327105E+00
   -0.1682466944E+00    0.3545771606E+00    0.5189775566E+01    0.5716385317E+00
    0.2011075606E-01    0.3545771606E+00    0.5189775566E+01    0.5475666440E+00
    0.9242837284E-02    0.3545771606E+00    0.5189775566E+01    0.5297984113E+00
    0.7401356488E+00    0.2364336862E+00    0.3156239910E+01    0.4967073456E+00
    0.2714132899E+00    0.2364336862E+00    0.3156239910E+01    0.4747776022E+00
    0.2298203897E+00    0.2364336862E+00    0.3156239910E+01    0.4468923781E+00
    0.2432422914E+00    0.2364336862E+00    0.3156239910E+01    0.4399127881E+00
    0.9368425452E+00    0.2877720068E+00    0.3889111719E+01    0.4762174896E+00
    0.4363764735E+00    0.2877720068E+00    0.3889111719E+01    0.4588298815E+00
    0.2841757777E+00    0.2877720068E+00    0.3889111719E+01    0.4339669907E+00
    0.2069653825E+00    0.2877720068E+00    0.3889111719E+01    0.4177201086E+00
   -0.2089789323E+00    0.3325871320E+00    0.3767625109E+01    0.5243279835E+00
    0.3515741873E+00    0.3325871320E+00    0.3767625109E+01    0.5274169897E+00
    0.1142208018E+00    0.3325871320E+00    0.3767625109E+01    0.5063732296E+00
   -0.2603302813E+01    0.3443782561E+00    0.3559226076E+01    0.4075514216E+00
   -0.1370239189E+01    0.3443782561E+00    0.3559226076E+01    0.4026645942E+00
   -0.2875530453E+00    0.3443782561E+00    0.3559226076E+01    0.3937685727E+00
   -0.9644845525E+00    0.2338766768E+00    0.3022751854E+01    0.4382081541E+00
   -0.4214540506E+00    0.2338766768E+00    0.3022751854E+01    0.4314050332E+00
   -0.3798770158E+00    0.2338766768E+00    0.3022751854E+01    0.4169366145E+00
   -0.4345582716E-01    0.2338766768E+00    0.3022751854E+01    0.4108489689E+00
   -0.4747772917E+00    0.2616204938E+00    0.3544018894E+01    0.3214113872E+00
   -0.7314503132E+00    0.2616204938E+00    0.3544018894E+01    0.3163925322E+00
   -0.1286575111E-01    0.2616204938E+00    0.3544018894E+01    0.3016187037E+00
   -0.1119860094E+00    0.2616204938E+00    0.3544018894E+01    0.2890571019E+00
   -0.1765804414E+01    0.3078074536E+00    0.3972184987E+01    0.4601348191E+00
    0.1975690090E+00    0.3078074536E+00    0.3972184987E+01    0.4252834859E+00
    0.3002532748E+00    0.3078074536E+00    0.3972184987E+01    0.4107290425E+00
   -0.7767849571E+00    0.3022094029E+00    0.3625555225E+01    0.4451144982E+00
    0.1096858343E+00    0.3022094029E+00    0.3625555225E+01    0.4380976207E+00
    0.5604510177E-01    0.3022094029E+00    0.3625555225E+01    0.4325196528E+00
    0.2848458732E+00    0.3022094029E+00    0.3625555225E+01    0.4171773580E+00
   -0.8572508423E+00    0.3085666329E+00    0.3914153932E+01    0.4621512965E+00
   -0.4208414955E+00    0.3085666329E+00    0.3914153932E+01    0.4576567277E+00
    0.2528217295E+00    0.3085666329E+00    0.3914153932E+01    0.4210869238E+00
    0.4388088475E+00    0.3085666329E+00    0.3914153932E+01    0.4062202082E+00
    0.2417956794E+00    0.2595922908E+00    0.3495656444E+01    0.4297446942E+00
   -0.2499881804E+00    0.2595922908E+00    0.3495656444E+01    0.4288912792E+00
    0.2323845895E+00    0.2595922908E+00    0.3495656444E+01    0.4206574650E+00
    0.2807271928E+00    0.2595922908E+00    0.3495656444E+01    0.4094917337E+00
   -0.1478004572E+01    0.3444260148E+00    0.3466923631E+01    0.3636688749E+00
   -0.7592041426E+00    0.3444260148E+00    0.3466923631E+01    0.3523407193E+00
   -0.1609854560E+00    0.3444260148E+00    0.3466923631E+01    0.3552237213E+00
    0.1063209230E+01    0.3672673967E+00    0.3780784140E+01    0.6883823689E+00
    0.6669153997E+00    0.3672673967E+00    0.3780784140E+01    0.6688910860E+00
    0.5098791370E+00    0.3672673967E+00    0.3780784140E+01    0.6513273173E+00
    0.4108466648E+00    0.3672673967E+00    0.3780784140E+01    0.6449763929E+00
   -0.6764482659E+00    0.3027638879E+00    0.3536605199E+01    0.5417729474E+00
    0.3425740740E+00    0.3027638879E+00    0.3536605199E+01    0.5158465385E+00
    0.3491353689E+00    0.3027638879E+00    0.3536605199E+01    0.4987166732E+00
   -0.1455654186E+00    0.3284740340E+00    0.4507170820E+01    0.5171722354E+00
   -0.5737939494E+00    0.3284740340E+00    0.4507170820E+01    0.5005016760E+00
   -0.2407139072E+00    0.3284740340E+00    0.4507170820E+01    0.4847638945E+00
   -0.4260962567E+00    0.3284740340E+00    0.4507170820E+01    0.4738950188E+00
    0.8748577027E-01    0.2749807226E+00    0.4121675859E+01    0.5439972822E+00
    0.2239890482E+00    0.2749807226E+00    0.4121675859E+01    0.5298342743E+00
    0.3085187172E+00    0.2749807226E+00    0.4121675859E+01    0.5087320839E+00
    0.9594345120E+00    0.2771813215E+00    0.3414515729E+01    0.6911944657E+00
    0.8897224897E+00    0.2771813215E+00    0.3414515729E+01    0.6566490401E+00
    0.8016244585E+00    0.2771813215E+00    0.3414515729E+01    0.6129629206E+00
    0.1888099115E+00    0.2610439651E+00    0.3699938440E+01    0.6218981315E+00
    0.1448704795E+00    0.2610439651E+00    0.3699938440E+01    0.6040596997E+00
    0.8727337827E-01    0.2610439651E+00    0.3699938440E+01    0.5816248099E+00
    0.5359143331E-01    0.2610439651E+00    0.3699938440E+01    0.5588076990E+00
   -0.3625808960E+00    0.2403955482E+00    0.3485871407E+01    0.5186472528E+00
   -0.1589505626E+01    0.2403955482E+00    0.3485871407E+01    0.5335160973E+00
    0.3924165063E+00    0.2403955482E+00    0.3485871407E+01    0.4811898419E+00
    0.3650879723E+00    0.2403955482E+00    0.3485871407E+01    0.4658220710E+00
   -0.1751675614E+00    0.1878509943E+00    0.2387426078E+01    0.4360631393E+00
   -0.9015398921E-01    0.1878509943E+00    0.2387426078E+01    0.4072199634E+00
   -0.5614213917E-01    0.1878509943E+00    0.2387426078E+01    0.3919768886E+00
   -0.2824068476E+00    0.1878509943E+00    0.2387426078E+01    0.3766989684E+00
   -0.1038854075E+00    0.2594652327E+00    0.3766929638E+01    0.4219617226E+00
   -0.3731512802E-01    0.2594652327E+00    0.3766929638E+01    0.4056912989E+00
   -0.1691052119E+00    0.2594652327E+00    0.3766929638E+01    0.3941507753E+00
   -0.1954950323E+00    0.2594652327E+00    0.3766929638E+01    0.3784580722E+00
   -0.5290930856E+00    0.2273710929E+00    0.3328423789E+01    0.4791081583E+00
   -0.1359349221E+00    0.2273710929E+00    0.3328423789E+01    0.4479468202E+00
   -0.5654239691E-01    0.2273710929E+00    0.3328423789E+01    0.4469438258E+00
   -0.6831175202E-01    0.2273710929E+00    0.3328423789E+01    0.4363250579E+00
    0.1011311512E+00    0.1954293849E+00    0.2486419100E+01    0.4034729306E+00
   -0.2374726791E+00    0.1954293849E+00    0.2486419100E+01    0.3960948760E+00
   -0.3054853259E+00    0.1954293849E+00    0.2486419100E+01    0.3760139294E+00
   -0.3448240016E+00    0.1954293849E+00    0.2486419100E+01    0.3573889586E+00
   -0.6584621786E+00    0.3317205813E+00    0.3986466669E+01    0.5925477502E+00
   -0.2525074814E+00    0.3317205813E+00    0.3986466669E+01    0.5761499021E+00
   -0.3414442383E+00    0.3317205813E+00    0.3986466669E+01    0.5688530448E+00
   -0.2083939827E+01    0.3157037518E+00    0.3762674365E+01    0.5469879455E+00
   -0.4692592526E+00    0.3157037518E+00    0.3762674365E+01    0.5451318595E+00
    0.8734900551E-01    0.3157037518E+00    0.3762674365E+01    0.5328940076E+00
    0.9418763954E-01    0.3157037518E+00    0.3762674365E+01    0.5210052480E+00
   -0.9643497782E+00    0.3303093446E+00    0.4095975658E+01    0.6153377074E+00
   -0.1241603873E+00    0.3303093446E+00    0.4095975658E+01    0.5944156471E+00
    0.2753716227E-01    0.3303093446E+00    0.4095975658E+01    0.5734316046E+00
   -0.7242221268E-01    0.3298606503E+00    0.3828056152E+01    0.3098313613E+00
   -0.8718325030E+00    0.3298606503E+00    0.3828056152E+01    0.3132917915E+00
   -0.2469757772E+00    0.3298606503E+00    0.3828056152E+01    0.3091211951E+00
   -0.1471468028E+00    0.2044568413E+00    0.2298758467E+01    0.4536943215E+00
    0.2081230484E+00    0.2044568413E+00    0.2298758467E+01    0.4158047219E+00
    0.3678792982E+00    0.2044568413E+00    0.2298758467E+01    0.3748559066E+00
   -0.2862844176E+00    0.3142538753E+00    0.3922492071E+01    0.5217192541E+00
    0.3385211735E-01    0.3142538753E+00    0.3922492071E+01    0.5040610277E+00
    0.4297132330E+00    0.3142538753E+00    0.3922492071E+01    0.4966134727E+00
   -0.3406556634E+00    0.2859480900E+00    0.3424555088E+01    0.4424520868E+00
    0.1254253809E+00    0.2859480900E+00    0.3424555088E+01    0.4269515262E+00
    0.3179995513E+00    0.2859480900E+00    0.3424555088E+01    0.4128525119E+00
    0.4313477696E+00    0.2859480900E+00    0.3424555088E+01    0.4018984527E+00
    0.8258003730E-01    0.2833372116E+00    0.3225030144E+01    0.4053969073E+00
    0.4534236097E-01    0.2833372116E+00    0.3225030144E+01    0.4016967869E+00
    0.1712993215E+00    0.2833372116E+00    0.3225030144E+01    0.3910033825E+00
    0.7932141594E+00    0.2817476750E+00    0.5415721241E+01    0.5669481257E+00
    0.4510078292E+00    0.2817476750E+00    0.5415721241E+01    0.5400045182E+00
    0.2475530438E+00    0.2817476750E+00    0.5415721241E+01    0.5237516366E+00
    0.2734287210E+00    0.2817476750E+00    0.5415721241E+01    0.5121302885E+00
    0.8814273860E+00    0.3581536491E+00    0.3908439163E+01    0.5343697685E+00
    0.4850770997E+00    0.3581536491E+00    0.3908439163E+01    0.5161850618E+00
    0.3260085241E+00    0.3581536491E+00    0.3908439163E+01    0.4972929539E+00
    0.2425381940E+00    0.3581536491E+00    0.3908439163E+01    0.4890720396E+00
    0.4826197669E+00    0.3718495726E+00    0.4445680833E+01    0.5128947362E+00
    0.2612540608E+00    0.3718495726E+00    0.4445680833E+01    0.4693639504E+00
    0.2671825376E+00    0.3718495726E+00    0.4445680833E+01    0.4485540007E+00
    0.2732472872E+00    0.3718495726E+00    0.4445680833E+01    0.4358592395E+00
   -0.1421366773E+01    0.2235963786E+00    0.3326954653E+01    0.3319291971E+00
   -0.5681027434E+00    0.2235963786E+00    0.3326954653E+01    0.3204582921E+00
   -0.3853495244E+00    0.2235963786E+00    0.3326954653E+01    0.3176416137E+00
   -0.1255967994E-01    0.2235963786E+00    0.3326954653E+01    0.3154384647E+00
    0.7600219834E-01    0.2297041672E+00    0.3043908536E+01    0.3617813625E+00
   -0.2469363500E+00    0.2297041672E+00    0.3043908536E+01    0.3489798198E+00
   -0.2656865700E+00    0.2297041672E+00    0.3043908536E+01    0.3325728253E+00
   -0.2627333673E+00    0.2297041672E+00    0.3043908536E+01    0.3272745584E+00
    0.8272714300E-01    0.4366542656E+00    0.2802817078E+01    0.5225299723E+00
   -0.1968195520E+00    0.4366542656E+00    0.2802817078E+01    0.5036946957E+00
   -0.2098615908E+00    0.4366542656E+00    0.2802817078E+01    0.4823933172E+00
   -0.2336875837E+00    0.4366542656E+00    0.2802817078E+01    0.4652511242E+00
   -0.2847855010E+00    0.2764086500E+00    0.3435493542E+01    0.5970738463E+00
    0.4871248761E+00    0.2764086500E+00    0.3435493542E+01    0.5702509802E+00
    0.4920664217E+00    0.2764086500E+00    0.3435493542E+01    0.5522395151E+00
    0.6192114123E+00    0.2764086500E+00    0.3435493542E+01    0.5304389474E+00
    0.1006526821E+00    0.3110851219E+00    0.3302930159E+01    0.4720322047E+00
   -0.1935546025E-01    0.3110851219E+00    0.3302930159E+01    0.4482447899E+00
   -0.1412638646E+00    0.3110851219E+00    0.3302930159E+01    0.4263217684E+00
   -0.1088914335E+00    0.3110851219E+00    0.3302930159E+01    0.4114860705E+00
   -0.5989476850E+00    0.2675163184E+00    0.3327333445E+01    0.5472916073E+00
   -0.5887349576E-01    0.2675163184E+00    0.3327333445E+01    0.5238917651E+00
   -0.8607561293E-01    0.2675163184E+00    0.3327333445E+01    0.4945158549E+00
   -0.1644240429E+00    0.2675163184E+00    0.3327333445E+01    0.4879303497E+00
   -0.1199176652E+01    0.3260433000E+00    0.5321697650E+01    0.5971013440E+00
   -0.3582562016E+00    0.3260433000E+00    0.5321697650E+01    0.5757171657E+00
   -0.3505040228E+00    0.3260433000E+00    0.5321697650E+01    0.5516770981E+00
   -0.3234485901E+00    0.3260433000E+00    0.5321697650E+01    0.5360713934E+00
    0.1009800816E+01    0.3967099303E+00    0.5217413493E+01    0.5990639102E+00
    0.7375058119E+00    0.3967099303E+00    0.5217413493E+01    0.5607882642E+00
    0.6473572069E+00    0.3967099303E+00    0.5217413493E+01    0.5290317726E+00
    0.5904749390E+00    0.3967099303E+00    0.5217413493E+01    0.5067195986E+00
   -0.7877983157E+00    0.2791805944E+00    0.4125275529E+01    0.5581701166E+00
    0.2618355692E+00    0.2791805944E+00    0.4125275529E+01    0.5275349161E+00
    0.2978514141E+00    0.2791805944E+00    0.4125275529E+01    0.5187586656E+00
    0.2823555549E+00    0.3260463368E+00    0.3957808345E+01    0.3873216156E+00
   -0.1626589714E-01    0.3260463368E+00    0.3957808345E+01    0.3705072055E+00
   -0.1929009546E+00    0.3260463368E+00    0.3957808345E+01    0.3603406289E+00
   -0.1788196403E+00    0.3260463368E+00    0.3957808345E+01    0.3503461563E+00
   -0.6887153446E+00    0.3355740794E+00    0.3487954185E+01    0.5252543400E+00
   -0.6621721091E+00    0.3355740794E+00    0.3487954185E+01    0.5281550129E+00
    0.5085584212E-01    0.3355740794E+00    0.3487954185E+01    0.4774439136E+00
    0.1086627720E+00    0.3355740794E+00    0.3487954185E+01    0.4609139944E+00
    0.5135190619E+00    0.3161627558E+00    0.3205181748E+01    0.4631667184E+00
    0.2131976833E+00    0.3161627558E+00    0.3205181748E+01    0.4354483124E+00
    0.1964057119E+00    0.3161627558E+00    0.3205181748E+01    0.4173338756E+00
    0.1300181084E+00    0.3161627558E+00    0.3205181748E+01    0.3993695101E+00
   -0.5465772841E+00    0.2286268574E+00    0.3275289028E+01    0.4884411224E+00
    0.4837870199E-01    0.2286268574E+00    0.3275289028E+01    0.4780763591E+00
    0.1305185977E+00    0.2286268574E+00    0.3275289028E+01    0.4584104944E+00
    0.3432927525E+00    0.2286268574E+00    0.3275289028E+01    0.4472992996E+00
    0.1066483480E+01    0.4982620422E+00    0.4359758715E+01    0.5778583659E+00
    0.5228152726E+00    0.4982620422E+00    0.4359758715E+01    0.5612509770E+00
    0.3415633529E+00    0.4982620422E+00    0.4359758715E+01    0.5455487185E+00
    0.2054751506E+00    0.4982620422E+00    0.4359758715E+01    0.5332927816E+00
    0.7006366875E+00    0.2134252484E+00    0.2719587587E+01    0.4528083452E+00
    0.2775541677E+00    0.2134252484E+00    0.2719587587E+01    0.4273196295E+00
    0.1130249259E+00    0.2134252484E+00    0.2719587587E+01    0.4106450805E+00
    0.7859729076E-01    0.2134252484E+00    0.2719587587E+01    0.3936299809E+00
   -0.6488497756E+00    0.3405819845E+00    0.4214807394E+01    0.4950004444E+00
    0.2016673803E-01    0.3405819845E+00    0.4214807394E+01    0.4851041560E+00
    0.3411913604E+00    0.3405819845E+00    0.4214807394E+01    0.4748772880E+00
    0.4124814050E+00    0.3405819845E+00    0.4214807394E+01    0.4616067793E+00
    0.2480864548E+00    0.3226137073E+00    0.4077480232E+01    0.3980584685E+00
    0.4352457290E+00    0.3226137073E+00    0.4077480232E+01    0.3802744562E+00
    0.4548746444E+00    0.3226137073E+00    0.4077480232E+01    0.3681246174E+00
   -0.6211409300E+00    0.4370627937E+00    0.4870711197E+01    0.5969161811E+00
   -0.2189060258E+00    0.4370627937E+00    0.4870711197E+01    0.5735606692E+00
   -0.1614768241E+00    0.4370627937E+00    0.4870711197E+01    0.5565694739E+00
   -0.1345574656E+00    0.4370627937E+00    0.4870711197E+01    0.5399003047E+00
   -0.8498303600E+00    0.4727382924E+00    0.4478300085E+01    0.6181225743E+00
   -0.7511173503E+00    0.4727382924E+00    0.4478300085E+01    0.6058464811E+00
   -0.5222583666E+00    0.4727382924E+00    0.4478300085E+01    0.5775944362E+00
   -0.4554995290E+00    0.4727382924E+00    0.4478300085E+01    0.5586936218E+00
    0.4507350964E+00    0.1921999776E+00    0.2150426715E+01    0.2212801195E+00
   -0.1192052567E+00    0.1921999776E+00    0.2150426715E+01    0.2154672420E+00
   -0.2027116434E+00    0.1921999776E+00    0.2150426715E+01    0.2119358036E+00
   -0.1473462336E+00    0.1921999776E+00    0.2150426715E+01    0.1998751527E+00
   -0.1075054028E+01    0.3714955717E+00    0.5797893778E+01    0.6064945342E+00
   -0.5872738793E+00    0.3714955717E+00    0.5797893778E+01    0.5952773270E+00
   -0.3191173986E+00    0.3714955717E+00    0.5797893778E+01    0.5723817768E+00
   -0.9990249334E+00    0.4575624625E+00    0.5088535738E+01    0.6472442566E+00
   -0.1946354652E+00    0.4575624625E+00    0.5088535738E+01    0.6299366468E+00
   -0.4176612307E+00    0.4575624625E+00    0.5088535738E+01    0.6014868080E+00
   -0.4225995714E+00    0.4575624625E+00    0.5088535738E+01    0.5882653541E+00
    0.4173845723E+00    0.3547180204E+00    0.4393166200E+01    0.5053999818E+00
    0.2588877902E+00    0.3547180204E+00    0.4393166200E+01    0.4931441628E+00
    0.1939134644E+00    0.3547180204E+00    0.4393166200E+01    0.4658218146E+00
    0.2915771419E+00    0.3547180204E+00    0.4393166200E+01    0.4449670678E+00
    0.4571813814E+00    0.2750639912E+00    0.4347071835E+01    0.5181398239E+00
    0.2372405334E+00    0.2750639912E+00    0.4347071835E+01    0.5076260157E+00
    0.2056097061E+00    0.2750639912E+00    0.4347071835E+01    0.4751685043E+00
    0.1820205284E+00    0.2750639912E+00    0.4347071835E+01    0.4632432515E+00
    0.6293758120E+00    0.3084444560E+00    0.5741038379E+01    0.5338556838E+00
    0.4388161912E+00    0.3084444560E+00    0.5741038379E+01    0.5158666331E+00
    0.3187343681E+00    0.3084444560E+00    0.5741038379E+01    0.4928049247E+00
    0.3833618956E+00    0.3084444560E+00    0.5741038379E+01    0.4790944411E+00
    0.5682228743E-01    0.4513698153E+00    0.4063039257E+01    0.4836447292E+00
    0.1480878735E+00    0.4513698153E+00    0.4063039257E+01    0.4652598638E+00
    0.7157212062E-01    0.4513698153E+00    0.4063039257E+01    0.4411578910E+00
    0.1176730451E+00    0.4513698153E+00    0.4063039257E+01    0.4288219885E+00
    0.1483858543E+00    0.2891896876E+00    0.3342738485E+01    0.4728901382E+00
   -0.5452183841E-01    0.2891896876E+00    0.3342738485E+01    0.4560343242E+00
   -0.6390103012E-01    0.2891896876E+00    0.3342738485E+01    0.4334041175E+00
    0.1532729617E-02    0.2891896876E+00    0.3342738485E+01    0.4196349849E+00
    0.1515450719E+00    0.3102748876E+00    0.3695546148E+01    0.5063948141E+00
    0.5586610584E+00    0.3102748876E+00    0.3695546148E+01    0.4832692768E+00
    0.3750809676E+00    0.3102748876E+00    0.3695546148E+01    0.4778264788E+00
   -0.2052251818E-01    0.2305340261E+00    0.2758014315E+01    0.4773411139E+00
    0.5484379052E-02    0.2305340261E+00    0.2758014315E+01    0.4531638390E+00
   -0.8080119293E-01    0.2305340261E+00    0.2758014315E+01    0.4356951646E+00
   -0.1045728684E+00    0.2305340261E+00    0.2758014315E+01    0.4153013556E+00
    0.1143812607E+01    0.3698880045E+00    0.6243156250E+01    0.5766254354E+00
    0.7002459871E+00    0.3698880045E+00    0.6243156250E+01    0.5564213576E+00
    0.5397035021E+00    0.3698880045E+00    0.6243156250E+01    0.5363171470E+00
    0.3390648252E+00    0.3698880045E+00    0.6243156250E+01    0.5274078546E+00
    0.1178244502E+01    0.3887204775E+00    0.4866274130E+01    0.5370087552E+00
    0.6330176217E+00    0.3887204775E+00    0.4866274130E+01    0.5218404417E+00
    0.5284923343E+00    0.3887204775E+00    0.4866274130E+01    0.5084507771E+00
    0.4783734482E+00    0.3887204775E+00    0.4866274130E+01    0.4937411183E+00
    0.5876464667E+00    0.2720322829E+00    0.8329773560E+01    0.6002805874E+00
    0.3272680626E+00    0.2720322829E+00    0.8329773560E+01    0.5743298990E+00
    0.2933984175E+00    0.2720322829E+00    0.8329773560E+01    0.5648586441E+00
    0.2234845998E+00    0.2720322829E+00    0.8329773560E+01    0.5427863768E+00
    0.1510953514E+00    0.2902461667E+00    0.3430835386E+01    0.3918984729E+00
    0.4057687162E+00    0.2902461667E+00    0.3430835386E+01    0.3862042287E+00
    0.4865737410E+00    0.2902461667E+00    0.3430835386E+01    0.3736900294E+00
    0.5650689383E+00    0.2902461667E+00    0.3430835386E+01    0.3644520719E+00
    0.5250748185E+00    0.2273941520E+00    0.5534937200E+01    0.5767550785E+00
    0.3366831980E+00    0.2273941520E+00    0.5534937200E+01    0.5597910838E+00
    0.2935222417E+00    0.2273941520E+00    0.5534937200E+01    0.5395129299E+00
    0.2045369170E+00    0.2273941520E+00    0.5534937200E+01    0.5234679356E+00
    0.8461368009E+00    0.3451797952E+00    0.7125679660E+01    0.5971469855E+00
    0.4621493854E+00    0.3451797952E+00    0.7125679660E+01    0.5826571868E+00
    0.3455505828E+00    0.3451797952E+00    0.7125679660E+01    0.5697412439E+00
    0.3262712900E+00    0.3451797952E+00    0.7125679660E+01    0.5576891888E+00
   -0.2566318952E+00    0.2166561111E+00    0.2718382225E+01    0.4887951030E+00
    0.6313810246E-01    0.2166561111E+00    0.2718382225E+01    0.4675990073E+00
    0.2104585317E-01    0.2166561111E+00    0.2718382225E+01    0.4420037272E+00
    0.4436460034E-01    0.2166561111E+00    0.2718382225E+01    0.4248346434E+00
    0.1202491253E+01    0.3130225925E+00    0.8432742960E+01    0.6007445517E+00
    0.7126746495E+00    0.3130225925E+00    0.8432742960E+01    0.5938194316E+00
    0.5276705339E+00    0.3130225925E+00    0.8432742960E+01    0.5739503840E+00
    0.3842517470E+00    0.3130225925E+00    0.8432742960E+01    0.5611354502E+00
   -0.2707841316E+00    0.3117778055E+00    0.7473767584E+01    0.7219497189E+00
   -0.3349312698E+00    0.3117778055E+00    0.7473767584E+01    0.7308537808E+00
   -0.1959168855E+00    0.3117778055E+00    0.7473767584E+01    0.7009668397E+00
   -0.3111822724E+00    0.3117778055E+00    0.7473767584E+01    0.6911386883E+00
   -0.1011638462E+00    0.3007188914E+00    0.7113617198E+01    0.7332851177E+00
   -0.3832165288E+00    0.3007188914E+00    0.7113617198E+01    0.7030229151E+00
   -0.2700494608E+00    0.3007188914E+00    0.7113617198E+01    0.6884565619E+00
   -0.3026599442E+00    0.3007188914E+00    0.7113617198E+01    0.6666313260E+00
   -0.7598780146E-01    0.3490848426E+00    0.3680191403E+01    0.4267495369E+00
   -0.4323112761E-01    0.3490848426E+00    0.3680191403E+01    0.4051406273E+00
   -0.2069048914E+00    0.3490848426E+00    0.3680191403E+01    0.3983250998E+00
   -0.3203685984E+00    0.3490848426E+00    0.3680191403E+01    0.3791823880E+00
   -0.6441761710E+00    0.3107203210E+00    0.3728461172E+01    0.4017623543E+00
    0.3089479244E+00    0.3107203210E+00    0.3728461172E+01    0.3954109746E+00
    0.6030852134E-01    0.3107203210E+00    0.3728461172E+01    0.3914146688E+00
    0.3536550034E+00    0.3107203210E+00    0.3728461172E+01    0.3789518199E+00
   -0.9091607667E-01    0.3157928922E+00    0.3741560861E+01    0.5743080092E+00
   -0.1299487675E+01    0.3157928922E+00    0.3741560861E+01    0.5725758224E+00
    0.3366689373E+00    0.3157928922E+00    0.3741560861E+01    0.5488860239E+00
    0.3319160599E+00    0.3157928922E+00    0.3741560861E+01    0.5272558253E+00
    0.1057070696E+01    0.2868669486E+00    0.8301059030E+01    0.5991280865E+00
    0.6310905646E+00    0.2868669486E+00    0.8301059030E+01    0.5835366336E+00
    0.5062511171E+00    0.2868669486E+00    0.8301059030E+01    0.5702806832E+00
    0.3923010792E+00    0.2868669486E+00    0.8301059030E+01    0.5554465605E+00
    0.1141769464E+01    0.4139020696E+00    0.6504904290E+01    0.5935779076E+00
    0.6366702075E+00    0.4139020696E+00    0.6504904290E+01    0.5716968494E+00
    0.4428605194E+00    0.4139020696E+00    0.6504904290E+01    0.5607228112E+00
    0.2946566458E+00    0.4139020696E+00    0.6504904290E+01    0.5451315825E+00
    0.4554468144E-01    0.3879641581E+00    0.4217256042E+01    0.3957250017E+00
    0.3778522732E-01    0.3879641581E+00    0.4217256042E+01    0.3823072388E+00
   -0.1723694065E-01    0.3879641581E+00    0.4217256042E+01    0.3683816424E+00
   -0.6911722761E-01    0.3879641581E+00    0.4217256042E+01    0.3561220425E+00
    0.4252666755E+00    0.1958258898E+00    0.2051951419E+01    0.2020961248E+00
   -0.8516789457E-01    0.1958258898E+00    0.2051951419E+01    0.1977487795E+00
   -0.1713306477E+00    0.1958258898E+00    0.2051951419E+01    0.1888518314E+00
   -0.2826616585E+00    0.1958258898E+00    0.2051951419E+01    0.1897571545E+00
    0.8928655877E-02    0.3807288111E+00    0.3896528463E+01    0.4043657962E+00
    0.1187186533E+00    0.3807288111E+00    0.3896528463E+01    0.3942857372E+00
   -0.6693719060E-01    0.3807288111E+00    0.3896528463E+01    0.3783200895E+00
   -0.1168098401E+00    0.3807288111E+00    0.3896528463E+01    0.3665352673E+00
   -0.5201224771E+00    0.3152427315E+00    0.3482393524E+01    0.4594662587E+00
   -0.5130798780E+00    0.3152427315E+00    0.3482393524E+01    0.4296579342E+00
   -0.4997683497E+00    0.3152427315E+00    0.3482393524E+01    0.4162106574E+00
   -0.4362786203E+00    0.3152427315E+00    0.3482393524E+01    0.3992671638E+00
    0.5619076877E+00    0.2860728857E+00    0.3435496471E+01    0.4316207059E+00
    0.4163316547E+00    0.2860728857E+00    0.3435496471E+01    0.4218936528E+00
    0.4823744123E+00    0.2860728857E+00    0.3435496471E+01    0.4129646364E+00
    0.4992285561E+00    0.2860728857E+00    0.3435496471E+01    0.4043793813E+00
   -0.2790493958E+00    0.2588118082E+00    0.3271395461E+01    0.5608160755E+00
    0.4118411417E+00    0.2588118082E+00    0.3271395461E+01    0.5506649023E+00
    0.5452047390E+00    0.2588118082E+00    0.3271395461E+01    0.5323256250E+00
    0.6023561789E+00    0.2588118082E+00    0.3271395461E+01    0.5206265116E+00
    0.2965372993E-01    0.3052635462E+00    0.3400298835E+01    0.4032262363E+00
   -0.2696752643E+00    0.3052635462E+00    0.3400298835E+01    0.3896291728E+00
   -0.2824674162E+00    0.3052635462E+00    0.3400298835E+01    0.3748384947E+00
   -0.3990236736E+00    0.3052635462E+00    0.3400298835E+01    0.3635375064E+00
    0.7233870356E-01    0.2236583667E+00    0.4032925338E+01    0.5335154666E+00
   -0.4207352829E+00    0.2236583667E+00    0.4032925338E+01    0.5357935459E+00
    0.5203926443E+00    0.2236583667E+00    0.4032925338E+01    0.4971276783E+00
    0.3906044727E+00    0.2236583667E+00    0.4032925338E+01    0.4873115329E+00
    0.2449827515E+00    0.2717391309E+00    0.3107821844E+01    0.3807267580E+00
   -0.1064371927E+00    0.2717391309E+00    0.3107821844E+01    0.3610697984E+00
   -0.1260658203E+00    0.2717391309E+00    0.3107821844E+01    0.3466571548E+00
   -0.9691683317E-01    0.2717391309E+00    0.3107821844E+01    0.3381680280E+00
   -0.9083200184E+00    0.3692340517E+00    0.5608376737E+01    0.5986238637E+00
   -0.4471768267E+00    0.3692340517E+00    0.5608376737E+01    0.5857781061E+00
   -0.2147894187E+00    0.3692340517E+00    0.5608376737E+01    0.5560794577E+00
   -0.2102042484E+00    0.3692340517E+00    0.5608376737E+01    0.5424990817E+00
   -0.3970175607E+00    0.3022986782E+00    0.4274632300E+01    0.4546755674E+00
   -0.4756016559E-01    0.3022986782E+00    0.4274632300E+01    0.4401556736E+00
   -0.7616327078E-02    0.3022986782E+00    0.4274632300E+01    0.4242562594E+00
   -0.5047180950E-01    0.3022986782E+00    0.4274632300E+01    0.4123188041E+00
   -0.7332349131E-01    0.1943451387E+00    0.2045302559E+01    0.4945679969E+00
    0.5630391793E+00    0.1943451387E+00    0.2045302559E+01    0.4703279201E+00
    0.5127601406E+00    0.1943451387E+00    0.2045302559E+01    0.4521523703E+00
    0.4800472551E+00    0.1943451387E+00    0.2045302559E+01    0.4367636251E+00
    0.2042018612E+00    0.1898732195E+00    0.2041106350E+01    0.4924075811E+00
    0.6023834163E-01    0.1898732195E+00    0.2041106350E+01    0.4661946285E+00
   -0.2695822041E-01    0.1898732195E+00    0.2041106350E+01    0.4468838685E+00
   -0.3045327854E-02    0.1898732195E+00    0.2041106350E+01    0.4299656800E+00
    0.2700920756E+00    0.2079988744E+00    0.3139833853E+01    0.5617793498E+00
    0.2243529015E+00    0.2079988744E+00    0.3139833853E+01    0.5464315952E+00
    0.2599683887E+00    0.2079988744E+00    0.3139833853E+01    0.5224953960E+00
    0.3066425381E+00    0.2079988744E+00    0.3139833853E+01    0.5010116808E+00
    0.2821640615E+00    0.2457417935E+00    0.2851356230E+01    0.4671684038E+00
    0.8951060898E-01    0.2457417935E+00    0.2851356230E+01    0.4482013759E+00
    0.9503949142E-01    0.2457417935E+00    0.2851356230E+01    0.4260468895E+00
    0.2216135015E-01    0.2457417935E+00    0.2851356230E+01    0.4123203502E+00
   -0.2703439216E+00    0.2291916268E+00    0.4160492242E+01    0.6562561111E+00
    0.6218867561E-01    0.2291916268E+00    0.4160492242E+01    0.6298621157E+00
    0.1210428123E+00    0.2291916268E+00    0.4160492242E+01    0.6190416593E+00
    0.7983563791E+00    0.5725902203E+00    0.5957310958E+01    0.4765530057E+00
    0.4391074599E+00    0.5725902203E+00    0.5957310958E+01    0.4579031027E+00
    0.5226911477E+00    0.5725902203E+00    0.5957310958E+01    0.4447209763E+00
    0.4356013745E+00    0.5725902203E+00    0.5957310958E+01    0.4308319102E+00
   -0.6686205000E+00    0.2871835188E+00    0.4101268742E+01    0.6641191627E+00
   -0.3347429028E+00    0.2871835188E+00    0.4101268742E+01    0.6508255184E+00
    0.4054402304E-02    0.2871835188E+00    0.4101268742E+01    0.6295159015E+00
    0.1820298335E+00    0.2871835188E+00    0.4101268742E+01    0.6088521883E+00
    0.2836137978E+00    0.2042117983E+00    0.3292454753E+01    0.5679300704E+00
    0.4177121042E+00    0.2042117983E+00    0.3292454753E+01    0.5424145061E+00
    0.3904882717E+00    0.2042117983E+00    0.3292454753E+01    0.5166040661E+00
    0.4990369226E+00    0.2042117983E+00    0.3292454753E+01    0.5048758638E+00
   -0.1657373677E+01    0.3554172868E+00    0.4671233729E+01    0.6819314498E+00
   -0.1095769626E+01    0.3554172868E+00    0.4671233729E+01    0.6703186865E+00
   -0.9012444430E+00    0.3554172868E+00    0.4671233729E+01    0.6394614290E+00
   -0.1066141534E+01    0.3554172868E+00    0.4671233729E+01    0.6216152475E+00
    0.1138577639E+00    0.2266352813E+00    0.2937311068E+01    0.4922937149E+00
    0.5079815250E-01    0.2266352813E+00    0.2937311068E+01    0.4801288890E+00
   -0.2098732880E-01    0.2266352813E+00    0.2937311068E+01    0.4542552533E+00
    0.8270370714E-01    0.2266352813E+00    0.2937311068E+01    0.4370114427E+00
    0.5094047896E+00    0.2156829155E+00    0.2821329505E+01    0.4697140936E+00
    0.1865854388E+00    0.2156829155E+00    0.2821329505E+01    0.4480505755E+00
    0.8107359457E-01    0.2156829155E+00    0.2821329505E+01    0.4234533060E+00
    0.1308631078E+00    0.2156829155E+00    0.2821329505E+01    0.4071095130E+00
    0.8664941342E+00    0.3996080252E+00    0.4442793780E+01    0.5396222877E+00
    0.4681023859E+00    0.3996080252E+00    0.4442793780E+01    0.5271484873E+00
    0.2664068991E+00    0.3996080252E+00    0.4442793780E+01    0.5135204970E+00
    0.1986848206E+00    0.3996080252E+00    0.4442793780E+01    0.4996920125E+00
   -0.1893070827E+00    0.3875881482E+00    0.5145613053E+01    0.5673041333E+00
   -0.6126110018E-02    0.3875881482E+00    0.5145613053E+01    0.5445890359E+00
   -0.1561964420E-02    0.3875881482E+00    0.5145613053E+01    0.5133232504E+00
    0.1071265890E+00    0.3875881482E+00    0.5145613053E+01    0.4998123386E+00
   -0.9987364182E-01    0.2759213406E+00    0.3515442585E+01    0.4524187909E+00
   -0.1180710376E+00    0.2759213406E+00    0.3515442585E+01    0.4319279669E+00
   -0.8951292254E-01    0.2759213406E+00    0.3515442585E+01    0.4167190696E+00
   -0.2808549069E-02    0.2759213406E+00    0.3515442585E+01    0.3999028222E+00
   -0.2589920258E+00    0.3704740584E+00    0.3857583275E+01    0.4642622520E+00
   -0.9212932248E-01    0.3704740584E+00    0.3857583275E+01    0.4426741044E+00
   -0.1456655306E-02    0.3704740584E+00    0.3857583275E+01    0.4264823801E+00
    0.3877545382E-01    0.3704740584E+00    0.3857583275E+01    0.4065897710E+00
   -0.1458228112E+01    0.2857362023E+00    0.3910310167E+01    0.5612388215E+00
   -0.2974919409E+00    0.2857362023E+00    0.3910310167E+01    0.5401170415E+00
   -0.1732087139E+00    0.2857362023E+00    0.3910310167E+01    0.5116839618E+00
   -0.2250150923E+00    0.2857362023E+00    0.3910310167E+01    0.4914411138E+00
    0.2850984125E+00    0.1761693839E+00    0.1544993050E+01    0.5259899020E+00
    0.1765451620E+00    0.1761693839E+00    0.1544993050E+01    0.4911124539E+00
    0.1136749061E+00    0.1761693839E+00    0.1544993050E+01    0.4692804019E+00
    0.1033981900E+00    0.1761693839E+00    0.1544993050E+01    0.4517511903E+00
    0.7245114923E+00    0.3186280796E+00    0.3755225263E+01    0.5710117442E+00
    0.4412597386E+00    0.3186280796E+00    0.3755225263E+01    0.5519517028E+00
    0.2486632536E+00    0.3186280796E+00    0.3755225263E+01    0.5298375287E+00
    0.2828564690E+00    0.3186280796E+00    0.3755225263E+01    0.5162523256E+00
    0.7635745992E+00    0.3399359169E+00    0.4422012610E+01    0.5325597522E+00
    0.3882763370E+00    0.3399359169E+00    0.4422012610E+01    0.5192407382E+00
    0.3712101547E+00    0.3399359169E+00    0.4422012610E+01    0.4972430945E+00
    0.2400845368E+00    0.3399359169E+00    0.4422012610E+01    0.4779214114E+00
    0.4907975251E+00    0.4006021294E+00    0.5387332547E+01    0.5435458209E+00
    0.3713632360E+00    0.4006021294E+00    0.5387332547E+01    0.5195072414E+00
    0.2405092463E+00    0.4006021294E+00    0.5387332547E+01    0.5088887981E+00
    0.2210290372E+00    0.4006021294E+00    0.5387332547E+01    0.4875454573E+00
   -0.1149118348E+00    0.3122606931E+00    0.3971531128E+01    0.3432897858E+00
   -0.1774940373E+00    0.3122606931E+00    0.3971531128E+01    0.3368259532E+00
   -0.4823990076E+00    0.3122606931E+00    0.3971531128E+01    0.3233684611E+00
   -0.1847482537E+00    0.3122606931E+00    0.3971531128E+01    0.3095608841E+00
    0.3378650034E+00    0.2692442528E+00    0.4097611400E+01    0.5360954297E+00
    0.1600578662E+00    0.2692442528E+00    0.4097611400E+01    0.5200320386E+00
    0.1144867623E+00    0.2692442528E+00    0.4097611400E+01    0.4962225660E+00
    0.8576451649E-01    0.2692442528E+00    0.4097611400E+01    0.4903041137E+00
    0.6161013494E+00    0.3254078888E+00    0.5214184137E+01    0.5710361557E+00
    0.3170627219E+00    0.3254078888E+00    0.5214184137E+01    0.5451887598E+00
    0.2374150993E+00    0.3254078888E+00    0.5214184137E+01    0.5221955558E+00
    0.1921744150E+00    0.3254078888E+00    0.5214184137E+01    0.5065488958E+00
    0.4037053072E+00    0.2630517038E+00    0.3188867802E+01    0.4753369919E+00
    0.2668964958E+00    0.2630517038E+00    0.3188867802E+01    0.4445734115E+00
   -0.8068463318E-02    0.2630517038E+00    0.3188867802E+01    0.4268097454E+00
    0.1016720642E+00    0.2630517038E+00    0.3188867802E+01    0.4054084048E+00
    0.3060114210E-01    0.2409144560E+00    0.3106319856E+01    0.4982919287E+00
    0.2221089982E+00    0.2409144560E+00    0.3106319856E+01    0.4753104754E+00
    0.1769764748E+00    0.2409144560E+00    0.3106319856E+01    0.4568666180E+00
    0.2405638221E+00    0.2409144560E+00    0.3106319856E+01    0.4437949214E+00
   -0.8545040725E+00    0.3422431634E+00    0.3452756172E+01    0.4475538668E+00
   -0.5182877748E+00    0.3422431634E+00    0.3452756172E+01    0.4490811958E+00
   -0.5933813961E-01    0.3422431634E+00    0.3452756172E+01    0.4391803971E+00
    0.3903907970E-01    0.3422431634E+00    0.3452756172E+01    0.4310610282E+00
   -0.1145945123E+01    0.3386266890E+00    0.3630690238E+01    0.3422601430E+00
   -0.6266216223E+00    0.3386266890E+00    0.3630690238E+01    0.3490634022E+00
   -0.7373010473E-01    0.3386266890E+00    0.3630690238E+01    0.3507501347E+00
   -0.4996073330E-01    0.2418459091E+00    0.3304572584E+01    0.3362423367E+00
    0.9414579978E-01    0.2418459091E+00    0.3304572584E+01    0.3207032717E+00
   -0.2507350435E-01    0.2418459091E+00    0.3304572584E+01    0.3092789916E+00
    0.1967941319E+00    0.2418459091E+00    0.3304572584E+01    0.3010216903E+00
   -0.5874930564E+00    0.2545576616E+00    0.4056783641E+01    0.3460599133E+00
   -0.4426275775E+00    0.2545576616E+00    0.4056783641E+01    0.3209765666E+00
   -0.2168089237E+00    0.2545576616E+00    0.4056783641E+01    0.3110840516E+00
   -0.5365821219E+00    0.3119714858E+00    0.3627916466E+01    0.5573560089E+00
    0.3745425505E+00    0.3119714858E+00    0.3627916466E+01    0.5415243664E+00
    0.5315115276E+00    0.3119714858E+00    0.3627916466E+01    0.5184671433E+00
   -0.8162514777E+00    0.4199672098E+00    0.4416133617E+01    0.5496119303E+00
   -0.5402513617E+00    0.4199672098E+00    0.4416133617E+01    0.5321457253E+00
   -0.4500481426E+00    0.4199672098E+00    0.4416133617E+01    0.5188459159E+00
   -0.4284710281E+00    0.3246730187E+00    0.4030554992E+01    0.4128937601E+00
    0.6476703169E-01    0.3246730187E+00    0.4030554992E+01    0.4124982197E+00
    0.3743828438E+00    0.3246730187E+00    0.4030554992E+01    0.3923514502E+00
    0.6354186643E+00    0.3246730187E+00    0.4030554992E+01    0.3891440356E+00
   -0.5311308026E+00    0.2058344015E+00    0.2894625580E+01    0.3215778212E+00
   -0.2046139057E+00    0.2058344015E+00    0.2894625580E+01    0.2916951989E+00
    0.2588900081E-02    0.2058344015E+00    0.2894625580E+01    0.2954936046E+00
   -0.3711890741E+00    0.2843105668E+00    0.2048967600E+01    0.4608726363E+00
   -0.3494952633E+00    0.2843105668E+00    0.2048967600E+01    0.4370809241E+00
   -0.4166987673E+00    0.2843105668E+00    0.2048967600E+01    0.4163753925E+00
   -0.3780198947E+00    0.2843105668E+00    0.2048967600E+01    0.4007379727E+00
   -0.5755081091E+00    0.2824121756E+00    0.3685017314E+01    0.2932886322E+00
   -0.7033519622E+00    0.2824121756E+00    0.3685017314E+01    0.2704948585E+00
   -0.3342703030E+00    0.2824121756E+00    0.3685017314E+01    0.2746851339E+00
    0.1836443610E-01    0.2824121756E+00    0.3685017314E+01    0.2808965505E+00
    0.4047977588E+00    0.3971084348E+00    0.6968314730E+01    0.7599811456E+00
    0.3197429454E-01    0.3971084348E+00    0.6968314730E+01    0.7372673664E+00
    0.1439649459E-01    0.3971084348E+00    0.6968314730E+01    0.7191471660E+00
   -0.1177784741E+00    0.3971084348E+00    0.6968314730E+01    0.7003677784E+00
   -0.8250343377E+00    0.2895440370E+00    0.3640842366E+01    0.2644577250E+00
   -0.1016662439E+01    0.2895440370E+00    0.3640842366E+01    0.2654409798E+00
   -0.5605372019E-01    0.2895440370E+00    0.3640842366E+01    0.2715418101E+00
   -0.8208796416E+00    0.3477575706E+00    0.5801047238E+01    0.6317784321E+00
   -0.2275613610E+00    0.3477575706E+00    0.5801047238E+01    0.5953423371E+00
    0.4135309496E-01    0.3477575706E+00    0.5801047238E+01    0.5878193185E+00
    0.1960216630E+00    0.3052388047E+00    0.3898435196E+01    0.4776232263E+00
    0.5499060716E+00    0.3052388047E+00    0.3898435196E+01    0.4615672832E+00
   -0.7403422688E+00    0.2450202141E+00    0.4002362904E+01    0.3060666505E+00
   -0.9191665621E-01    0.2450202141E+00    0.4002362904E+01    0.3076780018E+00
   -0.7484846275E-01    0.2450202141E+00    0.4002362904E+01    0.2938187025E+00
   -0.2196521372E+00    0.2450202141E+00    0.4002362904E+01    0.2910179740E+00
    0.5531254074E+00    0.1639444100E+00    0.1704637314E+01    0.1589380897E+00
    0.6727816148E+00    0.1639444100E+00    0.1704637314E+01    0.1551882250E+00
    0.7502225175E+00    0.1639444100E+00    0.1704637314E+01    0.1517893808E+00
   -0.1573022326E+01    0.3254452482E+00    0.5980354380E+01    0.7373702628E+00
   -0.6255032162E+00    0.3254452482E+00    0.5980354380E+01    0.7193723068E+00
   -0.4865090359E+00    0.3254452482E+00    0.5980354380E+01    0.7055731340E+00
   -0.3066337452E+00    0.3254452482E+00    0.5980354380E+01    0.6893605236E+00
   -0.6885841992E+00    0.2700584189E+00    0.3390846336E+01    0.2395240975E+00
   -0.4799918075E+00    0.2700584189E+00    0.3390846336E+01    0.2324273677E+00
   -0.4087537165E+00    0.2700584189E+00    0.3390846336E+01    0.2191589359E+00
   -0.1465188739E+01    0.2176389912E+00    0.3196989267E+01    0.2877215174E+00
   -0.3082711619E+00    0.2176389912E+00    0.3196989267E+01    0.2737259276E+00
   -0.3044561113E+00    0.2176389912E+00    0.3196989267E+01    0.2690937448E+00
   -0.2554618590E+00    0.4450218838E+00    0.4596841455E+01    0.4306022073E+00
    0.1377351842E+00    0.4450218838E+00    0.4596841455E+01    0.4027863040E+00
   -0.1005810292E+01    0.4450218838E+00    0.4596841455E+01    0.4027863040E+00
    0.5242661987E-01    0.4450218838E+00    0.4596841455E+01    0.3884387474E+00
   -0.3560509913E+00    0.3082211301E+00    0.3543384782E+01    0.5120328055E+00
   -0.4539911198E+00    0.3082211301E+00    0.3543384782E+01    0.4928174572E+00
   -0.3911222346E+00    0.3082211301E+00    0.3543384782E+01    0.4755371403E+00
   -0.2955188321E+00    0.3082211301E+00    0.3543384782E+01    0.4520783453E+00
   -0.4079010728E+00    0.3738089388E+00    0.4409590225E+01    0.3845847869E+00
   -0.5101823126E+00    0.3738089388E+00    0.4409590225E+01    0.3893369514E+00
   -0.4549115523E+00    0.3738089388E+00    0.4409590225E+01    0.3896866593E+00
    0.4317552782E-01    0.3738089388E+00    0.4409590225E+01    0.3744534395E+00
   -0.7521095257E-01    0.3570072230E+00    0.3669068317E+01    0.2734218773E+00
    0.1540130175E-01    0.3570072230E+00    0.3669068317E+01    0.2727315127E+00
   -0.5627261337E-01    0.3570072230E+00    0.3669068317E+01    0.2626399070E+00
   -0.1495528183E+00    0.3570072230E+00    0.3669068317E+01    0.2525181711E+00
    0.3707228182E+00    0.1771676129E+00    0.1942050060E+01    0.2554683460E+00
   -0.9679325344E-01    0.1771676129E+00    0.1942050060E+01    0.2315005564E+00
   -0.2548007627E+00    0.1771676129E+00    0.1942050060E+01    0.2273927133E+00
   -0.3185145989E+00    0.1771676129E+00    0.1942050060E+01    0.2195328064E+00
   -0.1950334058E+01    0.4780088986E+00    0.5580230020E+01    0.8212994922E+00
   -0.1346322348E+00    0.4780088986E+00    0.5580230020E+01    0.8044457970E+00
   -0.5866837432E+00    0.4780088986E+00    0.5580230020E+01    0.7878942016E+00
   -0.4804376780E+00    0.4780088986E+00    0.5580230020E+01    0.7717163588E+00
    0.5852112501E+00    0.3101091699E+00    0.3682265373E+01    0.3395007685E+00
   -0.4731745546E+00    0.3101091699E+00    0.3682265373E+01    0.3380792257E+00
   -0.2648801153E+00    0.3101091699E+00    0.3682265373E+01    0.3334032403E+00
   -0.2939885372E+00    0.3416210616E+00    0.4136420493E+01    0.6322180507E+00
    0.5560609422E-01    0.3416210616E+00    0.4136420493E+01    0.6064058907E+00
   -0.7098666941E+00    0.3370288089E+00    0.3972522398E+01    0.4785136133E+00
   -0.4865555930E+00    0.3370288089E+00    0.3972522398E+01    0.4709327559E+00
    0.1873106261E-01    0.3370288089E+00    0.3972522398E+01    0.4436335589E+00
   -0.4288454061E+00    0.3370288089E+00    0.3972522398E+01    0.4463083357E+00
    0.2923457810E+00    0.2534695762E+00    0.3318973902E+01    0.3900422008E+00
   -0.2686599976E+00    0.2534695762E+00    0.3318973902E+01    0.3749475661E+00
   -0.2963883110E+00    0.2534695762E+00    0.3318973902E+01    0.3647740695E+00
   -0.2962237559E+00    0.2534695762E+00    0.3318973902E+01    0.3468401103E+00
   -0.5968662875E+00    0.3490407393E+00    0.4648791084E+01    0.3018996092E+00
   -0.6110607825E+00    0.3490407393E+00    0.4648791084E+01    0.2886494515E+00
    0.3285366318E+00    0.3490407393E+00    0.4648791084E+01    0.2651546911E+00
    0.4785848660E+00    0.3490407393E+00    0.4648791084E+01    0.2863485924E+00
   -0.5445723880E-01    0.2505673417E+00    0.3012463562E+01    0.4229329696E+00
    0.2271030956E+00    0.2505673417E+00    0.3012463562E+01    0.4108464592E+00
    0.3493200495E+00    0.2505673417E+00    0.3012463562E+01    0.3763426125E+00
    0.3974027352E+00    0.2505673417E+00    0.3012463562E+01    0.3898171813E+00
   -0.8875815474E-01    0.4402865984E+00    0.5418450680E+01    0.9267488936E+00
   -0.3873386760E-01    0.4402865984E+00    0.5418450680E+01    0.9070937519E+00
   -0.2242708444E+00    0.4402865984E+00    0.5418450680E+01    0.8931019925E+00
   -0.5870142360E+00    0.4402865984E+00    0.5418450680E+01    0.8757917570E+00
   -0.3927716294E+00    0.3133205268E+00    0.3915499467E+01    0.4782107736E+00
    0.2135623718E+00    0.3133205268E+00    0.3915499467E+01    0.4714845609E+00
    0.1795909289E+00    0.3133205268E+00    0.3915499467E+01    0.4599873896E+00
    0.1627301522E-01    0.3133205268E+00    0.3915499467E+01    0.4584697910E+00
   -0.4325004455E+00    0.3033165278E+00    0.3629596915E+01    0.3211135033E+00
   -0.2122606724E+00    0.3033165278E+00    0.3629596915E+01    0.3084801659E+00
    0.2691748248E-01    0.3033165278E+00    0.3629596915E+01    0.3053070933E+00
   -0.1813027552E+00    0.3953415896E+00    0.4288746105E+01    0.7775356533E+00
   -0.5659949014E+00    0.3953415896E+00    0.4288746105E+01    0.7581892786E+00
   -0.8153092919E+00    0.3953415896E+00    0.4288746105E+01    0.7414100483E+00
   -0.7102719981E+00    0.3953415896E+00    0.4288746105E+01    0.7291088258E+00
    0.1596567373E+00    0.1746935610E+00    0.1095276495E+01    0.4998761318E+00
   -0.1007900564E+00    0.1746935610E+00    0.1095276495E+01    0.4808699842E+00
   -0.7032586843E-01    0.1746935610E+00    0.1095276495E+01    0.4605508120E+00
   -0.1766851138E+00    0.1746935610E+00    0.1095276495E+01    0.4437335561E+00
    0.1298224170E+00    0.2127407380E+00    0.2125758202E+01    0.4210348359E+00
   -0.9153455898E-01    0.2127407380E+00    0.2125758202E+01    0.3988750740E+00
   -0.2606486312E+00    0.2127407380E+00    0.2125758202E+01    0.3834672950E+00
   -0.3332646728E+00    0.2127407380E+00    0.2125758202E+01    0.3688659803E+00
    0.1526142148E+01    0.3903269817E+00    0.1081052410E+01    0.4796399569E+00
    0.8727173532E+00    0.3903269817E+00    0.1081052410E+01    0.4588360273E+00
    0.5766032810E+00    0.3903269817E+00    0.1081052410E+01    0.4415006331E+00
    0.4528880153E+00    0.3903269817E+00    0.1081052410E+01    0.4259830409E+00
   -0.6620344642E+00    0.4197995056E+00    0.2533450050E+01    0.4933331427E+00
   -0.7094143569E+00    0.4197995056E+00    0.2533450050E+01    0.4713152457E+00
   -0.4431651764E+00    0.4197995056E+00    0.2533450050E+01    0.4491154295E+00
   -0.4140040592E+00    0.4197995056E+00    0.2533450050E+01    0.4344835178E+00
   -0.2670237106E+00    0.4834552768E+00    0.2838946933E+01    0.5041011519E+00
   -0.1195520818E+00    0.4834552768E+00    0.2838946933E+01    0.4806228922E+00
   -0.3121426133E+00    0.4834552768E+00    0.2838946933E+01    0.4593346520E+00
   -0.1306055997E+00    0.4834552768E+00    0.2838946933E+01    0.4435879253E+00
    0.5223338849E+00    0.3064426645E+00    0.1719571641E+01    0.5169517693E+00
    0.5579165670E-01    0.3064426645E+00    0.1719571641E+01    0.4883596648E+00
    0.2091642139E-02    0.3064426645E+00    0.1719571641E+01    0.4814597645E+00
   -0.4721834639E-01    0.3064426645E+00    0.1719571641E+01    0.4460731634E+00
   -0.2091146158E+00    0.2949332000E+00    0.2952309746E+01    0.5028789519E+00
   -0.1004388168E+00    0.2949332000E+00    0.2952309746E+01    0.4860526866E+00
    0.1934712852E-01    0.2949332000E+00    0.2952309746E+01    0.4696373345E+00
    0.2501776308E+00    0.2949332000E+00    0.2952309746E+01    0.4551738536E+00
   -0.5535035286E+00    0.3755170622E+00    0.2690611007E+01    0.5709300735E+00
   -0.5765380982E+00    0.3755170622E+00    0.2690611007E+01    0.5271420009E+00
   -0.4676062412E+00    0.3755170622E+00    0.2690611007E+01    0.4979505904E+00
   -0.5100534329E+00    0.3755170622E+00    0.2690611007E+01    0.4849499592E+00
    0.1181747309E+01    0.2251282578E+00    0.7843805600E+00    0.5144909130E+00
    0.4040377046E+00    0.2251282578E+00    0.7843805600E+00    0.4882801914E+00
    0.1780466837E+00    0.2251282578E+00    0.7843805600E+00    0.4721197436E+00
    0.9011154318E-01    0.2251282578E+00    0.7843805600E+00    0.4503037051E+00
   -0.2742610716E+00    0.2639560650E+00    0.1970310235E+01    0.6025746073E+00
   -0.2088630704E+00    0.2639560650E+00    0.1970310235E+01    0.5061210569E+00
   -0.4558933178E+00    0.2639560650E+00    0.1970310235E+01    0.5160485927E+00
   -0.3178210141E+00    0.2639560650E+00    0.1970310235E+01    0.4956310085E+00
   -0.1724686983E+01    0.3086014030E+00    0.1994781154E+01    0.6493981921E+00
   -0.9737832600E+00    0.3086014030E+00    0.1994781154E+01    0.6179327031E+00
   -0.1057431031E+01    0.3086014030E+00    0.1994781154E+01    0.5808084417E+00
   -0.9160261923E+00    0.3086014030E+00    0.1994781154E+01    0.5733737666E+00
    0.9853274177E+00    0.2677727738E+00    0.2128798470E+01    0.5013928158E+00
    0.3945373170E+00    0.2677727738E+00    0.2128798470E+01    0.4853563007E+00
    0.2158591134E+00    0.2677727738E+00    0.2128798470E+01    0.4690786745E+00
    0.1622484896E+00    0.2677727738E+00    0.2128798470E+01    0.4521569504E+00
   -0.2532794106E+00    0.3803253436E+00    0.4154604930E+01    0.4672605081E+00
   -0.1540627333E+00    0.3803253436E+00    0.4154604930E+01    0.4483118518E+00
   -0.1189205410E+00    0.3803253436E+00    0.4154604930E+01    0.4331560058E+00
   -0.1692139862E+00    0.3803253436E+00    0.4154604930E+01    0.4235528116E+00
    0.3466799065E+00    0.3675919084E+00    0.3938841197E+01    0.5138207728E+00
    0.1131446579E+00    0.3675919084E+00    0.3938841197E+01    0.4969717184E+00
    0.1231692056E+00    0.3675919084E+00    0.3938841197E+01    0.4714727494E+00
    0.1039878594E+00    0.3675919084E+00    0.3938841197E+01    0.4513629003E+00
    0.1028118894E+01    0.2715345446E+00    0.1615077750E+01    0.4927537216E+00
    0.4415136810E+00    0.2715345446E+00    0.1615077750E+01    0.4806832409E+00
    0.2303937205E+00    0.2715345446E+00    0.1615077750E+01    0.4641245472E+00
    0.1486336866E+00    0.2715345446E+00    0.1615077750E+01    0.4500570796E+00
    0.8694434557E+00    0.3591431568E+00    0.3105959603E+01    0.5043873765E+00
    0.5250124082E+00    0.3591431568E+00    0.3105959603E+01    0.4917829325E+00
    0.2359290721E+00    0.3591431568E+00    0.3105959603E+01    0.4776724567E+00
    0.1767995218E+00    0.3591431568E+00    0.3105959603E+01    0.4572610060E+00
