Model_ID, [(c_i,i=0,n)_j,j=1,ntask]
           1   -0.5377207266E+01   -0.3339783615E+00
           2   -0.5968385038E+01   -0.1149180300E+00
           3   -0.6101448692E+01   -0.1087144633E+00
           4   -0.9180559682E+01    0.7672323928E-01
           5   -0.1043928560E+02    0.2084729087E+01
           6   -0.6429298074E+01   -0.8028678307E+00
           7   -0.9831729413E+01    0.1439982351E+01
           8   -0.7228848181E+01   -0.7740524188E+00
           9   -0.8670716631E+01    0.1809331481E+01
          10   -0.6929858437E+01   -0.1393963879E+01
          11   -0.9381210427E+01    0.1344207488E+01
          12   -0.6372917489E+01   -0.6377532937E+00
          13   -0.6380527906E+01   -0.5235456263E+00
          14   -0.6615522729E+01   -0.6706433987E+00
          15   -0.7350068507E+01   -0.4433720271E+00
          16   -0.8505779329E+01    0.3290595149E+00
          17   -0.7195325523E+01   -0.2649760271E+01
          18   -0.7241318261E+01   -0.1431395231E+00
          19   -0.8291781634E+01    0.7893052118E-02
          20   -0.8297858571E+01    0.2930025791E+00
